0 0.513814 0.098832 0.007581 0.012728
0 0.511287 0.248203 0.007581 0.013477
0 0.507774 0.423635 0.006988 0.011647
0 0.501660 0.682196 0.006115 0.013200
0 0.516509 0.873204 0.006115 0.011647
0 0.653621 0.888549 0.005737 0.009632
0 0.793536 0.902714 0.005737 0.010765
0 0.837678 0.708652 0.006693 0.012465
0 0.872578 0.450564 0.007012 0.011899
0 0.895366 0.271517 0.007330 0.010765
0 0.916242 0.115984 0.008287 0.012465
0 0.861104 0.177460 0.007012 0.013032
0 0.768677 0.172078 0.008924 0.013599
0 0.695691 0.224772 0.007012 0.012465