0 0.476294 0.117454 0.006047 0.013976
0 0.474631 0.266355 0.006350 0.011826
0 0.472363 0.444014 0.005443 0.012364
0 0.469340 0.706069 0.004838 0.011826
0 0.485819 0.905499 0.004536 0.008601
0 0.624305 0.909799 0.004536 0.009676
0 0.760220 0.914369 0.005443 0.009138
0 0.799831 0.719508 0.005443 0.010751
0 0.828102 0.465785 0.005745 0.011826
0 0.847152 0.292695 0.005745 0.011826
0 0.861968 0.145407 0.006350 0.010751
0 0.813437 0.200505 0.005443 0.011289
0 0.726657 0.195399 0.007862 0.015051
0 0.658321 0.243509 0.006047 0.012364