0 0.386891 0.173305 0.007534 0.014559
0 0.473696 0.177964 0.006879 0.013394
0 0.518082 0.121768 0.006551 0.011647
0 0.515953 0.268227 0.006224 0.013394
0 0.512349 0.438854 0.004914 0.011065
0 0.507600 0.693047 0.004586 0.010482
0 0.486635 0.885511 0.005241 0.009900
0 0.442250 0.875611 0.004914 0.011065
0 0.350367 0.883182 0.004586 0.008735
0 0.212952 0.878232 0.005569 0.010482
0 0.179376 0.681982 0.004586 0.010482
0 0.158903 0.425460 0.005569 0.012229
0 0.144163 0.250757 0.006879 0.012229
0 0.131715 0.101677 0.008189 0.014559
0 0.322687 0.223387 0.006879 0.012229