0 0.392565 0.180956 0.008069 0.013792
0 0.479922 0.185369 0.008379 0.013792
0 0.525850 0.126890 0.005896 0.012689
0 0.522437 0.275295 0.005896 0.010482
0 0.519178 0.450734 0.006207 0.010482
0 0.514368 0.711409 0.004655 0.009930
0 0.492956 0.907647 0.005276 0.009379
0 0.448113 0.894682 0.005586 0.012137
0 0.354239 0.899371 0.005276 0.010482
0 0.217540 0.893027 0.004965 0.009930
0 0.184490 0.694417 0.004655 0.012137
0 0.164008 0.435673 0.004655 0.008827
0 0.327551 0.231822 0.006517 0.012689
0 0.150043 0.262165 0.006517 0.009379
0 0.139182 0.112380 0.005276 0.008827
0 0.145699 0.152378 0.000310 0.000552