0 0.502156 0.072477 0.005391 0.012579
0 0.499798 0.207248 0.006739 0.012579
0 0.497271 0.377059 0.006402 0.013178
0 0.493396 0.655286 0.006065 0.011381
0 0.509569 0.888889 0.006065 0.012579
0 0.662197 0.898772 0.006739 0.010782
0 0.817520 0.910452 0.006739 0.012579
0 0.847973 0.674996 0.006374 0.012465
0 0.859925 0.396510 0.008605 0.016432
0 0.866937 0.221146 0.007968 0.013599
0 0.871399 0.081478 0.005418 0.013032
0 0.741203 0.132472 0.007012 0.013032
0 0.826778 0.134172 0.006693 0.013032
0 0.675867 0.180350 0.006374 0.010199