0 0.435782 0.258161 0.005391 0.010183
0 0.437972 0.151243 0.005728 0.009584
0 0.573248 0.245283 0.005391 0.009584
0 0.620755 0.211740 0.006065 0.013178
0 0.682581 0.218329 0.005728 0.010782
0 0.714084 0.180892 0.005391 0.010183
0 0.711557 0.283618 0.005728 0.009584
0 0.707513 0.413297 0.005054 0.011381
0 0.700986 0.624792 0.004536 0.010751
0 0.680425 0.804870 0.005140 0.008601
0 0.565221 0.806483 0.005140 0.008601
0 0.445029 0.806483 0.005443 0.009676
0 0.431120 0.617535 0.003628 0.010213
0 0.433841 0.394990 0.004233 0.011289