0 0.546988 0.191098 0.004838 0.007526
0 0.464290 0.244584 0.004536 0.009138
0 0.517810 0.235446 0.003931 0.009138
0 0.544872 0.291620 0.004233 0.007526
0 0.542906 0.417675 0.003931 0.009138
0 0.540185 0.625974 0.003931 0.008601
0 0.523101 0.798903 0.004838 0.009138
0 0.426343 0.768801 0.003024 0.006988
0 0.344702 0.742138 0.003628 0.008063
0 0.335480 0.590819 0.002721 0.007526
0 0.426947 0.283879 0.004233 0.008601
0 0.337446 0.235500 0.003628 0.006451
0 0.337294 0.316401 0.003326 0.006988
0 0.489901 0.780035 0.004233 0.009676