0 0.377783 0.149266 0.008962 0.015933
0 0.459858 0.152201 0.008019 0.011740
0 0.499481 0.233543 0.005189 0.010063
0 0.502075 0.102306 0.005660 0.010901
0 0.497358 0.403354 0.005660 0.010901
0 0.494292 0.682180 0.006132 0.010063
0 0.471651 0.916730 0.008019 0.014256
0 0.317642 0.910021 0.006604 0.012579
0 0.164575 0.904570 0.006132 0.011740
0 0.143113 0.666834 0.007547 0.012579
0 0.142877 0.390524 0.006132 0.011740
0 0.314340 0.195136 0.007547 0.013417
0 0.143585 0.220713 0.007547 0.010901
0 0.144292 0.086960 0.007075 0.013417