0 0.377514 0.252290 0.005276 0.011034
0 0.427787 0.212016 0.005896 0.012137
0 0.495749 0.214223 0.004655 0.011034
0 0.531126 0.170639 0.005276 0.008827
0 0.529109 0.285115 0.004965 0.011586
0 0.526161 0.421935 0.004034 0.009379
0 0.521816 0.631579 0.004034 0.010482
0 0.503507 0.795984 0.004034 0.008275
0 0.392099 0.787708 0.004034 0.007172
0 0.282553 0.780536 0.004655 0.008275
0 0.259279 0.616407 0.003414 0.009930
0 0.248107 0.408419 0.004034 0.008827
0 0.241435 0.273254 0.004345 0.008827
0 0.236159 0.162088 0.005586 0.010482