0 0.490869 0.081761 0.005728 0.010782
0 0.365364 0.124588 0.007412 0.014975
0 0.447911 0.130878 0.006739 0.011980
0 0.489016 0.215034 0.006065 0.011381
0 0.486152 0.384247 0.005728 0.010782
0 0.482446 0.659479 0.005054 0.010183
0 0.459367 0.892483 0.006065 0.011381
0 0.306065 0.890087 0.005391 0.010183
0 0.147877 0.888589 0.006402 0.010782
0 0.125472 0.648697 0.004717 0.010183
0 0.122945 0.364480 0.005054 0.010782
0 0.120755 0.189278 0.006065 0.010183
0 0.120081 0.050913 0.006065 0.008985
0 0.301348 0.170111 0.006739 0.011381
0 0.410559 0.880611 0.007257 0.012364