0 0.459775 0.154612 0.005241 0.010482
0 0.458956 0.271372 0.004914 0.009900
0 0.458137 0.410552 0.004586 0.009900
0 0.456663 0.623399 0.002948 0.006988
0 0.471076 0.789949 0.004258 0.008153
0 0.583432 0.790531 0.004258 0.008153
0 0.692348 0.789949 0.005241 0.008153
0 0.719536 0.628348 0.005241 0.009900
0 0.736570 0.424528 0.004586 0.009900
0 0.746724 0.289425 0.005896 0.009900
0 0.755077 0.177615 0.006224 0.009900
0 0.719864 0.218670 0.005241 0.008153
0 0.654186 0.213720 0.006224 0.011065
0 0.602103 0.252446 0.005569 0.009317