0 0.542030 0.264205 0.007257 0.016126
0 0.537810 0.442601 0.004865 0.009814
0 0.411254 0.173090 0.008769 0.013439
0 0.499093 0.174972 0.006652 0.012901
0 0.545507 0.117723 0.006955 0.010213
0 0.531144 0.701500 0.005443 0.010213
0 0.508164 0.896361 0.006047 0.009676
0 0.372097 0.884105 0.005443 0.008601
0 0.239508 0.871472 0.005140 0.009138
0 0.206852 0.676880 0.005140 0.011289
0 0.187500 0.423426 0.005745 0.009676
0 0.174952 0.252755 0.005443 0.010213
0 0.164822 0.105467 0.006350 0.010213
0 0.347756 0.223996 0.006955 0.010751