0 0.443033 0.024458 0.005443 0.012901
0 0.441522 0.162339 0.004838 0.010213
0 0.439254 0.337849 0.005140 0.011826
0 0.436381 0.616030 0.004233 0.010213
0 0.454221 0.845563 0.006047 0.010213
0 0.601324 0.845025 0.004536 0.009138
0 0.741776 0.843412 0.005443 0.010213
0 0.770350 0.625168 0.005140 0.010213
0 0.783503 0.362038 0.005443 0.011826
0 0.790608 0.196742 0.005140 0.010213
0 0.796353 0.063699 0.005745 0.010751
0 0.755685 0.111004 0.005443 0.011826
0 0.676917 0.103209 0.006350 0.014514
0 0.615385 0.146482 0.005443 0.011826