0 0.324828 0.390354 0.014250 0.022458
0 0.317789 0.238396 0.016172 0.015750
0 0.349195 0.867740 0.020516 0.037313
0 0.674438 0.571313 0.020531 0.024875
0 0.698687 0.701490 0.024250 0.026521
0 0.683453 0.922052 0.024875 0.031521
0 0.643969 0.696927 0.020531 0.027354
0 0.627797 0.594938 0.023000 0.027375
0 0.598258 0.415417 0.021141 0.024875
0 0.585508 0.330438 0.020516 0.025708
0 0.336156 0.659354 0.013594 0.028500
0 0.341984 0.760385 0.013594 0.031937
0 0.332273 0.562635 0.016203 0.030229
0 0.327414 0.474979 0.015547 0.025917
