0 0.493773 0.416667 0.019547 0.022917
0 0.535539 0.345583 0.018953 0.016583
0 0.598633 0.324635 0.019547 0.028438
0 0.573758 0.375594 0.021922 0.026062
0 0.507992 0.502375 0.023109 0.034750
0 0.464750 0.585313 0.021906 0.033167
0 0.352781 0.804500 0.031406 0.041875
0 0.185430 0.894156 0.035547 0.039479
0 0.092117 0.814375 0.038516 0.036333
0 0.857820 0.949448 0.024891 0.050562
0 0.888031 0.500792 0.008281 0.025292
0 0.891883 0.434042 0.010078 0.022917
0 0.806570 0.456552 0.018359 0.028438
0 0.754742 0.736958 0.018953 0.020542
0 0.869969 0.802917 0.013625 0.037125
0 0.780211 0.606635 0.021328 0.030021
0 0.515398 0.622042 0.020141 0.032375
0 0.561906 0.506708 0.019562 0.016583
0 0.584422 0.460906 0.024281 0.024479
