0 0.761336 0.758208 0.021359 0.025917
0 0.651555 0.360542 0.020734 0.025042
0 0.547281 0.340240 0.023313 0.029354
0 0.903828 0.364000 0.021375 0.025042
0 0.846500 0.348885 0.023313 0.029354
0 0.785305 0.333344 0.022672 0.032813
0 0.716969 0.311312 0.022031 0.030208
0 0.798578 0.267271 0.019437 0.030208
0 0.713086 0.239635 0.022016 0.030229
0 0.643781 0.291458 0.023313 0.031958
0 0.658031 0.224094 0.020719 0.030229
0 0.563148 0.267271 0.022672 0.035417
0 0.475070 0.241365 0.025266 0.035396
0 0.556352 0.188687 0.024609 0.030208
0 0.255188 0.309146 0.025906 0.034542
0 0.278172 0.063906 0.026562 0.036271
0 0.379539 0.212875 0.027203 0.037125
0 0.217297 0.737490 0.030437 0.036271
0 0.824484 0.756052 0.023312 0.026771
0 0.634070 0.645510 0.023328 0.033688
0 0.528500 0.636437 0.020719 0.034542
0 0.794367 0.399396 0.017484 0.023333
0 0.705633 0.379531 0.020078 0.030229
0 0.781734 0.655438 0.016844 0.027625
0 0.939445 0.756052 0.022672 0.026771
0 0.437500 0.748271 0.025250 0.031958
0 0.530445 0.751292 0.029797 0.034542
0 0.612695 0.751302 0.028484 0.029354
0 0.691062 0.754312 0.025906 0.031958
