0 0.810727 0.865719 0.023109 0.030021
0 0.967117 0.904427 0.021922 0.023688
0 0.660539 0.829385 0.021328 0.025271
0 0.583820 0.808052 0.020734 0.023688
0 0.509477 0.787521 0.023703 0.030000
0 0.435727 0.768167 0.018359 0.024500
0 0.798875 0.405219 0.025469 0.030021
0 0.705273 0.381510 0.019547 0.023688
0 0.924766 0.500000 0.016594 0.030000
0 0.779023 0.464052 0.021328 0.029229
0 0.710313 0.445500 0.026063 0.031583
0 0.563094 0.410344 0.018375 0.026062
0 0.491711 0.391781 0.021328 0.026854
0 0.375594 0.180094 0.010656 0.023687
0 0.335016 0.441156 0.013625 0.024479
0 0.287617 0.730646 0.019547 0.025292
0 0.732227 0.846760 0.021328 0.026854
