0 0.964164 0.904031 0.019547 0.029229
0 0.806875 0.866510 0.016594 0.026854
0 0.732523 0.845573 0.019547 0.029229
0 0.660250 0.827010 0.018375 0.025271
0 0.585305 0.806083 0.016578 0.022917
0 0.511258 0.788312 0.016578 0.023708
0 0.438086 0.770531 0.019547 0.024479
0 0.752961 0.759479 0.021328 0.026083
0 0.662023 0.733406 0.017172 0.027646
0 0.782281 0.522115 0.013625 0.026854
0 0.690461 0.501583 0.017172 0.023708
0 0.608117 0.718010 0.018359 0.026854
0 0.514516 0.698260 0.017188 0.025271
0 0.636258 0.485385 0.018953 0.022896
0 0.545617 0.466427 0.021328 0.024479
0 0.922102 0.495260 0.019547 0.026854
0 0.849523 0.476302 0.018953 0.026854
0 0.777844 0.460510 0.018969 0.026854
0 0.707055 0.445885 0.020734 0.026062
0 0.634477 0.426542 0.017766 0.022125
0 0.794438 0.401656 0.014219 0.024479
0 0.705859 0.380719 0.016000 0.026854
0 0.652250 0.369271 0.016594 0.024500
0 0.676539 0.155219 0.018953 0.026063
0 0.592117 0.138229 0.019547 0.028417
0 0.560430 0.347156 0.018953 0.032396
0 0.562203 0.410344 0.018969 0.032396
0 0.490820 0.393365 0.020734 0.026854
0 0.421211 0.375198 0.024891 0.031604
0 0.290281 0.730260 0.026063 0.027646
0 0.332937 0.441948 0.015406 0.024479
0 0.359000 0.277646 0.014219 0.021333
0 0.375297 0.182073 0.014813 0.024479
