0 0.826242 0.755906 0.019516 0.024813
0 0.939711 0.755906 0.024828 0.027188
0 0.476508 0.244083 0.020391 0.031917
0 0.255312 0.310875 0.026594 0.035458
0 0.218977 0.739948 0.030141 0.037812
0 0.906914 0.368198 0.017734 0.027187
0 0.529258 0.751177 0.023047 0.029562
0 0.613922 0.751771 0.023937 0.030750
0 0.690156 0.751177 0.025719 0.029562
0 0.564273 0.269510 0.022172 0.030729
0 0.785906 0.332146 0.018625 0.028375
0 0.436617 0.748219 0.027484 0.030729
0 0.718086 0.312646 0.021266 0.029542
0 0.761078 0.757677 0.018625 0.023646
0 0.714984 0.237583 0.016844 0.028375
0 0.800094 0.269510 0.016844 0.030729
