0 0.505922 0.370458 0.014219 0.018958
0 0.076422 0.810427 0.026062 0.030021
0 0.141586 0.886250 0.031984 0.037917
0 0.284656 0.819896 0.031406 0.036333
0 0.411141 0.612948 0.026063 0.025271
0 0.458523 0.531990 0.020141 0.026063
0 0.457344 0.446292 0.016594 0.017375
0 0.540875 0.394156 0.018969 0.023688
0 0.574352 0.340438 0.018359 0.015792
0 0.539992 0.484990 0.018359 0.022104
0 0.767477 0.469583 0.021922 0.022917
0 0.866414 0.442344 0.021922 0.028438
0 0.848930 0.520135 0.022516 0.026062
0 0.770141 0.836500 0.026063 0.037917
0 0.728086 0.983406 0.035547 0.025271
0 0.659359 0.784354 0.023687 0.037917
0 0.707641 0.638625 0.023094 0.029208
0 0.445797 0.652844 0.013625 0.032396
0 0.503547 0.533958 0.014219 0.022125
