0 0.806672 0.361396 0.018781 0.018125
0 0.429734 0.400260 0.016187 0.018146
0 0.424547 0.553979 0.016188 0.021583
0 0.419688 0.663219 0.020719 0.025896
0 0.583555 0.536281 0.022016 0.017271
0 0.590023 0.649833 0.022016 0.028500
0 0.574164 0.387740 0.017484 0.017271
0 0.580633 0.477979 0.014891 0.018125
0 0.602984 0.270729 0.016844 0.016417
0 0.607187 0.330750 0.016187 0.019000
0 0.613992 0.395510 0.022016 0.022437
0 0.621766 0.466323 0.018125 0.024187
0 0.629531 0.545771 0.020719 0.024167
0 0.636984 0.632990 0.021375 0.022438
0 0.645727 0.730573 0.025922 0.027646
0 0.657711 0.841542 0.023953 0.031958
0 0.654477 0.380396 0.017484 0.018125
0 0.665477 0.471073 0.020078 0.018146
0 0.672609 0.527635 0.018781 0.022437
0 0.687500 0.640760 0.021375 0.024188
0 0.339055 0.979271 0.023953 0.027625
0 0.496438 0.974958 0.023969 0.024167
0 0.586789 0.973656 0.024609 0.030229
0 0.752266 0.969781 0.030438 0.032813
0 0.854273 0.965031 0.031078 0.030229
