0 0.091969 0.814344 0.033688 0.036271
0 0.186531 0.893344 0.040156 0.042313
0 0.353305 0.804844 0.031734 0.036271
0 0.466328 0.582906 0.023313 0.032813
0 0.514570 0.624781 0.020078 0.035396
0 0.505828 0.499573 0.023313 0.026771
0 0.562820 0.509500 0.018141 0.022458
0 0.492547 0.418396 0.018781 0.028500
0 0.534000 0.343260 0.016188 0.023313
0 0.570602 0.371771 0.018141 0.025042
0 0.599422 0.321240 0.016188 0.017271
0 0.781094 0.609677 0.020719 0.024188
0 0.754852 0.733594 0.020078 0.023313
0 0.870789 0.798802 0.020078 0.036271
0 0.860109 0.948187 0.020719 0.048375
