0 0.528297 0.747917 0.025500 0.033167
0 0.615055 0.751656 0.028609 0.035646
0 0.688430 0.752490 0.028609 0.027354
0 0.758711 0.756625 0.022391 0.032333
0 0.824008 0.755802 0.028609 0.029021
0 0.648945 0.364021 0.023016 0.033167
0 0.547578 0.339969 0.024250 0.031521
0 0.528297 0.631844 0.020531 0.031521
0 0.941852 0.757875 0.029234 0.029833
0 0.799133 0.268240 0.016172 0.030688
0 0.712070 0.237969 0.022391 0.036479
0 0.902359 0.366917 0.023625 0.030667
0 0.788555 0.333333 0.022391 0.034833
0 0.716422 0.310531 0.024875 0.030687
0 0.657031 0.222635 0.025500 0.032354
0 0.565297 0.265750 0.023625 0.035667
0 0.474500 0.243781 0.031094 0.039813
0 0.218281 0.740458 0.027375 0.039792
0 0.256531 0.312188 0.031719 0.043958
0 0.278297 0.065917 0.026750 0.040625
0 0.634953 0.643865 0.023625 0.029021
0 0.438125 0.748333 0.024250 0.032333
