0 0.762406 0.288417 0.014188 0.026000
0 0.356828 0.358156 0.016844 0.026021
0 0.358156 0.458635 0.015969 0.021271
0 0.360367 0.627062 0.020391 0.022458
0 0.363031 0.877073 0.018625 0.023646
0 0.431297 0.542552 0.016844 0.026021
0 0.497781 0.543146 0.015062 0.022458
0 0.561609 0.541365 0.018625 0.021271
0 0.623672 0.541375 0.016844 0.026000
0 0.559398 0.271865 0.015953 0.026021
0 0.639625 0.276594 0.015062 0.021271
0 0.501773 0.184990 0.018609 0.016563
0 0.568266 0.188531 0.019500 0.017729
0 0.555852 0.488771 0.019516 0.024833
0 0.633867 0.490542 0.015953 0.030750
0 0.690117 0.280146 0.013391 0.018917
0 0.682180 0.489365 0.018609 0.023646
0 0.752664 0.486990 0.015953 0.021271
0 0.755766 0.204490 0.016844 0.016562
0 0.811609 0.212177 0.015062 0.015354
0 0.922430 0.224583 0.015078 0.016542
0 0.683508 0.541375 0.017734 0.028375
0 0.741578 0.541958 0.018625 0.020083
0 0.797875 0.540187 0.019500 0.026000
0 0.850617 0.537823 0.018609 0.028354
0 0.551414 0.594562 0.015953 0.018917
0 0.632531 0.595740 0.016844 0.023646
0 0.676859 0.596927 0.016844 0.023646
0 0.747344 0.593375 0.014187 0.026000
0 0.550531 0.796687 0.014187 0.016542
