0 0.232516 0.462000 0.019437 0.025917
0 0.300516 0.496979 0.014250 0.030208
0 0.366586 0.528062 0.015547 0.028500
0 0.434914 0.562615 0.022672 0.030229
0 0.506156 0.594990 0.016188 0.025896
0 0.575461 0.626521 0.017484 0.025042
0 0.644102 0.663219 0.020078 0.025896
0 0.715031 0.692146 0.019437 0.037125
0 0.602008 0.574708 0.016203 0.025042
0 0.515219 0.531521 0.021375 0.028500
0 0.462766 0.511667 0.018781 0.025042
0 0.571242 0.311740 0.012953 0.020729
0 0.658031 0.352771 0.015531 0.025042
0 0.341641 0.583771 0.018781 0.027625
0 0.427461 0.623490 0.018141 0.025896
0 0.480250 0.651125 0.018781 0.024167
0 0.283680 0.805698 0.019422 0.024188
0 0.510047 0.916667 0.018781 0.025042
0 0.423250 0.870906 0.013594 0.014688
0 0.369500 0.845000 0.016187 0.021583
0 0.569305 0.693010 0.020734 0.026771
0 0.432641 0.248708 0.020719 0.025917
0 0.518781 0.289292 0.018125 0.022458
0 0.374023 0.465896 0.020078 0.025042
