0 0.387641 0.243979 0.011656 0.018125
0 0.432008 0.408490 0.017484 0.025896
0 0.424563 0.487938 0.014250 0.019000
0 0.423914 0.552698 0.015547 0.020729
0 0.420031 0.661073 0.020719 0.018146
0 0.591664 0.650281 0.023328 0.029354
0 0.584211 0.533271 0.020078 0.025042
0 0.579688 0.478865 0.021375 0.026771
0 0.572883 0.384740 0.018141 0.019854
0 0.603648 0.269448 0.017484 0.017271
0 0.609477 0.332062 0.022672 0.023333
0 0.614977 0.393813 0.022016 0.019000
0 0.622422 0.465906 0.021375 0.023312
0 0.630203 0.544500 0.021375 0.028500
0 0.639586 0.634740 0.022016 0.022437
0 0.647367 0.732750 0.024609 0.033667
0 0.658047 0.843729 0.025250 0.034542
0 0.689789 0.644677 0.017484 0.026771
0 0.672945 0.525500 0.014891 0.018125
0 0.664523 0.471521 0.014891 0.022458
0 0.654813 0.378698 0.016188 0.019854
0 0.807336 0.360990 0.020734 0.022438
0 0.828383 0.449927 0.017484 0.017271
0 0.846516 0.505635 0.009719 0.016396
0 0.874695 0.621781 0.019422 0.025896
