0 0.536937 0.342427 0.021375 0.018146
0 0.466344 0.584219 0.023969 0.035396
0 0.353641 0.805729 0.033031 0.041458
0 0.183312 0.893375 0.033031 0.040583
0 0.090039 0.816094 0.031734 0.032813
0 0.779813 0.606667 0.027844 0.028500
0 0.804422 0.451229 0.023969 0.028500
0 0.515562 0.625240 0.022656 0.027646
0 0.561867 0.510385 0.020734 0.017271
0 0.585836 0.459437 0.018141 0.022458
0 0.596844 0.323865 0.015531 0.020729
0 0.508437 0.500031 0.025250 0.032813
0 0.492250 0.418417 0.021375 0.025042
0 0.571586 0.373948 0.019422 0.027646
