0 0.609797 0.749156 0.029781 0.037146
0 0.694992 0.752177 0.027797 0.032813
0 0.759086 0.753052 0.017484 0.029354
0 0.825141 0.754344 0.021375 0.031937
0 0.941727 0.758219 0.021359 0.032813
0 0.713750 0.237500 0.021375 0.029375
0 0.905141 0.366604 0.025906 0.025042
0 0.785961 0.330333 0.019422 0.019875
0 0.718281 0.313927 0.022656 0.028479
0 0.564133 0.267292 0.020078 0.035417
0 0.474766 0.241385 0.018781 0.033688
0 0.253258 0.307885 0.022672 0.030229
0 0.217633 0.735344 0.022672 0.035396
0 0.633758 0.644677 0.022016 0.030229
0 0.650602 0.360125 0.019422 0.029375
0 0.546328 0.335083 0.023313 0.029375
0 0.529164 0.635167 0.023953 0.033667
0 0.799563 0.268156 0.018125 0.026771
0 0.434930 0.744417 0.027203 0.031083
0 0.527867 0.749583 0.026547 0.038000
