0 0.751945 0.487042 0.016828 0.034542
0 0.517781 0.028500 0.017563 0.034542
0 0.621109 0.351042 0.023313 0.031958
0 0.536914 0.430490 0.024609 0.033687
0 0.614969 0.430479 0.021375 0.031958
0 0.673578 0.355354 0.022031 0.028500
0 0.751625 0.354063 0.016188 0.029375
0 0.683938 0.424437 0.018125 0.028500
0 0.739312 0.419260 0.018781 0.030229
0 0.795336 0.420552 0.018141 0.031104
0 0.840352 0.415813 0.023953 0.028500
0 0.529469 0.512958 0.023969 0.027625
0 0.626938 0.504302 0.023313 0.029312
0 0.677461 0.496979 0.016828 0.028500
0 0.616258 0.055698 0.020078 0.030229
0 0.343594 0.441281 0.030437 0.037979
0 0.193008 0.115719 0.033672 0.050104
0 0.207258 0.300948 0.036266 0.042313
0 0.224742 0.589385 0.032391 0.042313
0 0.446898 0.436958 0.024609 0.038000
0 0.520727 0.349750 0.023328 0.034542
