0 0.724437 0.674458 0.019437 0.022458
0 0.745805 0.565229 0.019422 0.025042
0 0.576117 0.509521 0.015547 0.019000
0 0.769773 0.428344 0.019422 0.025896
0 0.578383 0.384313 0.017484 0.019000
0 0.598469 0.329042 0.018781 0.025917
0 0.546000 0.364010 0.014906 0.023312
0 0.517500 0.436552 0.018781 0.023312
0 0.535313 0.507802 0.016844 0.020729
0 0.549891 0.607531 0.018781 0.026771
0 0.508437 0.583354 0.017500 0.025042
0 0.450797 0.753917 0.016188 0.022458
0 0.573531 0.957708 0.025906 0.027625
0 0.482859 0.911073 0.023313 0.032813
0 0.349437 0.830760 0.025906 0.029354
0 0.277219 0.783698 0.026562 0.026771
0 0.167437 0.719365 0.019437 0.025896
0 0.792437 0.806583 0.020719 0.038000
0 0.801508 0.695615 0.024609 0.030229
0 0.830656 0.462021 0.020719 0.027625
0 0.840047 0.394229 0.013594 0.028500
