0 0.167766 0.718938 0.023969 0.025042
0 0.278188 0.784573 0.016844 0.030229
0 0.348789 0.829042 0.022016 0.031083
0 0.483180 0.909781 0.022672 0.033687
0 0.575797 0.960302 0.030438 0.029354
0 0.451766 0.758667 0.022031 0.028500
0 0.481555 0.664958 0.018141 0.025917
0 0.511023 0.581625 0.017484 0.028500
0 0.533695 0.506927 0.017484 0.020729
0 0.558625 0.440875 0.014250 0.021583
0 0.578711 0.383448 0.018141 0.020729
0 0.596844 0.330333 0.018125 0.019875
0 0.615297 0.278948 0.016188 0.017271
0 0.545031 0.361427 0.015531 0.018146
0 0.514594 0.431802 0.016844 0.022438
0 0.468289 0.576448 0.020078 0.028479
0 0.500023 0.482750 0.020078 0.024167
0 0.548914 0.609260 0.015547 0.023312
0 0.578391 0.512979 0.018781 0.024167
0 0.593281 0.462021 0.017500 0.022458
0 0.619188 0.385167 0.014906 0.015542
0 0.766211 0.428344 0.020078 0.020729
0 0.746453 0.568677 0.020719 0.019854
0 0.725406 0.678344 0.020063 0.019854
0 0.791148 0.807885 0.022016 0.033688
0 0.804094 0.705979 0.020719 0.033667
0 0.832273 0.457708 0.017484 0.020708
0 0.839070 0.395969 0.016828 0.023312
