0 0.681633 0.922000 0.024859 0.033125
0 0.325641 0.390333 0.014625 0.022417
0 0.327469 0.473656 0.012438 0.029229
0 0.333680 0.563333 0.019016 0.025333
0 0.335141 0.654938 0.013156 0.027292
0 0.342820 0.760208 0.015359 0.031208
0 0.347938 0.868885 0.016812 0.030229
0 0.316133 0.238771 0.017547 0.017542
0 0.696617 0.698313 0.021203 0.024375
0 0.673953 0.571125 0.018281 0.023375
0 0.644719 0.694906 0.022656 0.025354
0 0.628273 0.593542 0.021922 0.025333
0 0.598297 0.412740 0.019000 0.028271
0 0.585508 0.330385 0.019734 0.025354
