0 0.226992 0.592031 0.033578 0.038146
0 0.447758 0.436156 0.028609 0.038146
0 0.537312 0.432000 0.021156 0.033167
0 0.619719 0.351583 0.024250 0.033167
0 0.675687 0.347427 0.019281 0.034813
0 0.684391 0.424542 0.025500 0.034833
0 0.741289 0.418740 0.022391 0.028188
0 0.842344 0.417906 0.019281 0.026521
0 0.529539 0.515750 0.023016 0.033167
0 0.625938 0.500823 0.018031 0.028188
0 0.754875 0.353219 0.015531 0.025896
0 0.194336 0.113187 0.035453 0.048917
0 0.206469 0.300583 0.033594 0.043958
0 0.519086 0.025062 0.018203 0.038000
