0 0.092289 0.815635 0.036922 0.038854
0 0.623055 0.382562 0.022016 0.022458
0 0.585812 0.458979 0.023969 0.028500
0 0.805703 0.455531 0.022031 0.030229
0 0.561531 0.509062 0.020719 0.021583
0 0.779141 0.608813 0.025906 0.027625
0 0.491906 0.417969 0.021375 0.024188
0 0.534648 0.345427 0.017484 0.022438
0 0.507125 0.500000 0.025906 0.024167
0 0.464711 0.463292 0.020078 0.025042
0 0.513609 0.625219 0.025906 0.032813
0 0.465352 0.584625 0.022672 0.031083
0 0.406094 0.565635 0.025906 0.029354
0 0.414180 0.680917 0.029141 0.031958
0 0.354602 0.805271 0.034328 0.040583
0 0.187820 0.894646 0.044047 0.046625
0 0.541133 0.431344 0.020078 0.023312
0 0.574484 0.375219 0.020719 0.026771
0 0.598766 0.324260 0.018781 0.026771
0 0.619820 0.278063 0.016828 0.022458
