0 0.439984 0.770729 0.019281 0.025708
0 0.514922 0.791458 0.023625 0.030667
0 0.564359 0.412104 0.019281 0.033167
0 0.587688 0.135167 0.017406 0.024875
0 0.651430 0.370646 0.018047 0.028208
0 0.708328 0.383500 0.018656 0.027375
0 0.796641 0.403812 0.018656 0.023208
0 0.707711 0.444865 0.018672 0.030688
0 0.779852 0.460604 0.017422 0.025708
0 0.924750 0.497104 0.019906 0.024042
0 0.586133 0.807219 0.023016 0.027354
0 0.659820 0.828365 0.022391 0.028187
0 0.736008 0.848260 0.021766 0.028188
0 0.810320 0.865677 0.021141 0.036479
0 0.960195 0.901323 0.023641 0.028187
0 0.547266 0.464354 0.018656 0.024875
0 0.637438 0.487563 0.016156 0.019917
0 0.609141 0.721813 0.019281 0.025708
0 0.515547 0.699010 0.018656 0.028188
0 0.492227 0.390125 0.015547 0.024042
0 0.291352 0.731760 0.020516 0.030688
0 0.375992 0.180948 0.012953 0.026771
0 0.360766 0.276365 0.013594 0.027646
0 0.333891 0.440875 0.012969 0.028500
