0 0.656086 0.784115 0.027203 0.032813
0 0.422281 0.493531 0.022031 0.023312
0 0.457578 0.447323 0.021375 0.025896
0 0.508422 0.373062 0.024625 0.024167
0 0.731219 0.985323 0.032375 0.029354
0 0.444305 0.654573 0.019422 0.029354
0 0.866258 0.445167 0.023953 0.031958
0 0.849094 0.521583 0.023312 0.034542
0 0.767164 0.835927 0.030453 0.037979
0 0.572539 0.341104 0.016828 0.019000
0 0.540805 0.396375 0.018141 0.020708
0 0.503562 0.458125 0.018781 0.025042
0 0.456609 0.528500 0.018125 0.022458
0 0.407711 0.613990 0.022672 0.029354
0 0.348445 0.706823 0.024609 0.028479
0 0.281094 0.818656 0.028500 0.037979
0 0.141516 0.884719 0.030438 0.038854
0 0.078047 0.813042 0.025250 0.031958
0 0.356867 0.596292 0.028484 0.031958
0 0.537891 0.487479 0.021375 0.023333
0 0.583875 0.405438 0.021375 0.025042
0 0.767492 0.472365 0.022016 0.029354
0 0.604602 0.292313 0.014891 0.021583
0 0.708547 0.640323 0.023313 0.026771
