0 0.194969 0.115312 0.033031 0.044042
0 0.205648 0.297948 0.033672 0.041438
0 0.225406 0.590698 0.030437 0.037979
0 0.446258 0.435688 0.022672 0.038875
0 0.538227 0.432667 0.022672 0.034542
0 0.682016 0.427052 0.021375 0.031938
0 0.742242 0.421865 0.020078 0.026771
0 0.843930 0.417990 0.020078 0.024187
0 0.625344 0.354083 0.020719 0.034542
0 0.676187 0.354083 0.023969 0.032833
0 0.754875 0.356240 0.014250 0.030229
0 0.529156 0.514271 0.021375 0.033667
0 0.625016 0.504333 0.029156 0.034542
0 0.520391 0.025937 0.019500 0.031083
