0 0.532727 0.492688 0.019422 0.028500
0 0.019414 0.915823 0.031797 0.042313
0 0.204977 0.981458 0.036328 0.035417
0 0.448852 0.902010 0.027859 0.038854
0 0.440430 0.656750 0.025266 0.028500
0 0.469898 0.538885 0.019422 0.022438
0 0.484797 0.485771 0.022031 0.021583
0 0.506172 0.398990 0.018125 0.022438
0 0.568672 0.310042 0.016188 0.022458
0 0.558633 0.362719 0.018141 0.022438
0 0.548594 0.424458 0.023969 0.019875
0 0.517180 0.570833 0.024609 0.027625
0 0.499695 0.661938 0.024609 0.028500
0 0.475727 0.769021 0.027203 0.031958
0 0.591992 0.424458 0.017484 0.021583
0 0.578711 0.511677 0.022016 0.026771
0 0.757469 0.468510 0.019437 0.030229
0 0.568992 0.569542 0.019422 0.025042
0 0.549234 0.695187 0.021375 0.032833
0 0.764555 0.623083 0.022078 0.016417
