0 0.644109 0.695167 0.021375 0.025917
0 0.317359 0.237042 0.012313 0.019000
0 0.325453 0.390760 0.013594 0.019854
0 0.327727 0.471073 0.015547 0.018146
0 0.333867 0.561312 0.020078 0.022458
0 0.335813 0.657604 0.018781 0.028500
0 0.342297 0.758208 0.016188 0.025917
0 0.348445 0.864427 0.018141 0.025896
0 0.387305 0.442573 0.019422 0.023312
0 0.397672 0.557865 0.018125 0.025896
0 0.403820 0.626938 0.017484 0.022458
0 0.412242 0.759073 0.021359 0.024188
0 0.579016 0.587656 0.025906 0.026771
0 0.596508 0.719771 0.022016 0.031958
0 0.568008 0.521156 0.020734 0.030229
0 0.555055 0.409333 0.022016 0.019000
0 0.573508 0.254750 0.020078 0.019000
0 0.585164 0.333760 0.017484 0.026771
0 0.599094 0.413219 0.022031 0.030229
0 0.611070 0.500865 0.020078 0.027646
0 0.626945 0.594135 0.020734 0.029354
0 0.660297 0.801813 0.023969 0.028500
0 0.682969 0.918833 0.025250 0.027625
0 0.698828 0.699052 0.025906 0.030229
0 0.674547 0.570813 0.016188 0.024167
0 0.660625 0.501292 0.020719 0.025042
0 0.642492 0.391625 0.018141 0.021583
0 0.802461 0.354500 0.019422 0.025042
0 0.829664 0.461135 0.020734 0.024188
