0 0.568703 0.521865 0.018625 0.027187
0 0.347516 0.868198 0.017719 0.027188
0 0.402922 0.629427 0.016844 0.020104
0 0.412680 0.760635 0.020391 0.024813
0 0.316047 0.235813 0.015063 0.020083
0 0.389187 0.444438 0.019500 0.016542
0 0.398938 0.558510 0.015969 0.020104
0 0.553187 0.407219 0.019500 0.017729
0 0.579344 0.588646 0.016844 0.026000
0 0.598406 0.719854 0.021281 0.028375
0 0.573586 0.252354 0.015953 0.022458
0 0.585547 0.329198 0.023938 0.020104
0 0.598406 0.413125 0.021281 0.022458
0 0.613914 0.498823 0.020391 0.021271
0 0.628984 0.593375 0.022156 0.026000
0 0.644500 0.696813 0.021281 0.024833
0 0.662680 0.801417 0.020391 0.026000
0 0.681734 0.918438 0.028375 0.030750
0 0.640953 0.390656 0.019500 0.027187
0 0.661789 0.500594 0.020391 0.024812
0 0.674203 0.571510 0.018625 0.027188
0 0.697250 0.699167 0.022156 0.031917
0 0.803633 0.356979 0.018609 0.026000
0 0.832008 0.462760 0.020391 0.020104
0 0.343531 0.760635 0.016844 0.024813
0 0.337766 0.656615 0.017719 0.024812
0 0.331555 0.560865 0.015953 0.027188
0 0.329344 0.471042 0.015062 0.024833
0 0.327570 0.391250 0.020391 0.021292
