0 0.684078 0.921646 0.024875 0.032333
0 0.646141 0.697344 0.024875 0.031521
0 0.628109 0.594521 0.021156 0.024875
0 0.598570 0.412937 0.018047 0.023208
0 0.585516 0.332917 0.019281 0.024042
0 0.570273 0.521135 0.019891 0.029021
0 0.327086 0.472823 0.014891 0.023312
0 0.553172 0.408792 0.020531 0.023208
0 0.397703 0.556792 0.019281 0.015750
0 0.337688 0.660448 0.017406 0.029021
0 0.388680 0.445688 0.021141 0.020750
0 0.342305 0.762115 0.015547 0.033687
0 0.348141 0.870927 0.016844 0.030229
0 0.331625 0.562198 0.014906 0.025896
0 0.324500 0.392510 0.009719 0.028479
0 0.699000 0.699417 0.019906 0.025708
0 0.674438 0.570063 0.023000 0.024042
