0 0.658273 0.840385 0.021766 0.030688
0 0.590172 0.977615 0.026125 0.036479
0 0.428789 0.402156 0.014297 0.018229
0 0.687187 0.640958 0.018656 0.023208
0 0.674750 0.529438 0.016156 0.019083
0 0.581781 0.479271 0.020531 0.019917
0 0.575211 0.385156 0.021203 0.019062
0 0.609766 0.330844 0.019281 0.021562
0 0.615672 0.395937 0.016156 0.022375
0 0.627484 0.547260 0.023625 0.028188
0 0.637438 0.634740 0.018656 0.027354
0 0.854164 0.967250 0.029234 0.030667
0 0.754039 0.970562 0.027984 0.032333
0 0.341414 0.978448 0.023641 0.029854
0 0.495336 0.975927 0.023016 0.031479
0 0.426187 0.492250 0.018781 0.019000
