0 0.357523 0.357031 0.023109 0.026854
0 0.754148 0.490521 0.011859 0.020542
0 0.680391 0.488937 0.018375 0.022125
0 0.633891 0.486573 0.015406 0.020521
0 0.553312 0.486573 0.014219 0.025271
0 0.638922 0.279219 0.016000 0.024479
0 0.559836 0.273302 0.018953 0.020521
0 0.850711 0.539104 0.010672 0.019750
0 0.795617 0.537917 0.016578 0.022125
0 0.741703 0.542260 0.016594 0.024479
0 0.683945 0.543052 0.014797 0.022896
0 0.624703 0.541469 0.016000 0.024479
0 0.560422 0.544229 0.016594 0.022125
0 0.497633 0.543833 0.017766 0.022917
0 0.431875 0.542656 0.013031 0.031604
0 0.361969 0.879146 0.016594 0.031583
0 0.355742 0.623219 0.018359 0.028438
0 0.357820 0.461698 0.015391 0.029229
0 0.739039 0.780406 0.020734 0.028438
0 0.669141 0.781198 0.014813 0.022104
0 0.622336 0.790292 0.017172 0.019750
0 0.549766 0.794625 0.013031 0.023708
0 0.747336 0.594792 0.018359 0.022125
0 0.676539 0.595969 0.015391 0.022896
0 0.630922 0.596375 0.014219 0.018958
0 0.553906 0.597156 0.015406 0.022104
0 0.922687 0.223146 0.017188 0.018167
0 0.811609 0.213271 0.016594 0.018958
0 0.752375 0.205771 0.014219 0.015000
0 0.568719 0.187604 0.016594 0.019750
0 0.500586 0.184042 0.021328 0.017375
0 0.687203 0.281594 0.011844 0.016604
0 0.765992 0.285146 0.016578 0.023708
