0 0.283352 0.804406 0.014891 0.018146
0 0.300195 0.495250 0.017484 0.025042
0 0.369500 0.529365 0.021375 0.020729
0 0.506477 0.594990 0.016828 0.025896
0 0.576430 0.626510 0.018141 0.023312
0 0.714703 0.694729 0.021375 0.031958
0 0.434586 0.251292 0.018141 0.022458
0 0.569625 0.312615 0.016188 0.020729
0 0.658680 0.351469 0.016828 0.020729
0 0.511336 0.527635 0.020078 0.025896
0 0.600391 0.572542 0.018125 0.025917
0 0.461461 0.508635 0.017484 0.025896
0 0.340672 0.580313 0.016844 0.024167
0 0.428430 0.623917 0.020078 0.025042
0 0.371117 0.847156 0.016828 0.025896
