0 0.636984 0.633854 0.023969 0.025917
0 0.607844 0.328583 0.018781 0.021583
0 0.613672 0.394219 0.018781 0.019854
0 0.629211 0.545344 0.018797 0.023312
0 0.497086 0.978844 0.022672 0.028479
0 0.341000 0.980135 0.026562 0.029354
0 0.874969 0.625219 0.013031 0.022437
0 0.848414 0.510365 0.013016 0.018979
0 0.671312 0.527635 0.012312 0.022437
0 0.686531 0.641187 0.019437 0.028500
0 0.657383 0.841115 0.020734 0.032813
0 0.853633 0.968042 0.024609 0.034542
0 0.754859 0.971927 0.030438 0.042313
0 0.588727 0.975385 0.024609 0.035396
