0 0.552305 0.407802 0.017734 0.021271
0 0.585109 0.330375 0.021281 0.022458
0 0.316484 0.234635 0.012406 0.020104
0 0.599289 0.412531 0.021266 0.023646
0 0.660023 0.501177 0.020391 0.021271
0 0.328898 0.392427 0.023047 0.021271
0 0.331117 0.471635 0.018609 0.021271
0 0.334219 0.560281 0.017719 0.028354
0 0.338656 0.658385 0.019500 0.023646
0 0.344414 0.761229 0.018609 0.030750
0 0.350172 0.869375 0.019500 0.031917
0 0.627219 0.593969 0.022156 0.024813
0 0.644945 0.693854 0.022172 0.026000
0 0.804078 0.352833 0.019500 0.020083
0 0.675086 0.569156 0.022172 0.027188
0 0.698578 0.699177 0.021281 0.027188
0 0.681734 0.920208 0.026594 0.031917
0 0.390070 0.445042 0.017734 0.022458
0 0.568703 0.520687 0.018625 0.022458
0 0.397164 0.555552 0.017734 0.023646
