0 0.330227 0.475948 0.021141 0.036479
0 0.699008 0.698177 0.021141 0.023229
0 0.337375 0.656302 0.013062 0.027354
0 0.675375 0.572552 0.023625 0.030688
0 0.683766 0.922063 0.024250 0.033167
0 0.646141 0.694854 0.018656 0.023208
0 0.627797 0.593281 0.019281 0.025687
0 0.601680 0.413354 0.024266 0.024042
0 0.586133 0.334167 0.015547 0.023208
0 0.345148 0.762021 0.023641 0.026542
0 0.318094 0.239219 0.011813 0.019063
0 0.332922 0.560906 0.014906 0.026771
0 0.322875 0.388187 0.011656 0.021583
0 0.570898 0.520729 0.022391 0.028208
0 0.553797 0.407542 0.019281 0.022375
0 0.399875 0.557625 0.022375 0.027375
0 0.389617 0.444031 0.015547 0.024062
0 0.346703 0.870646 0.016781 0.036500
