0 0.224758 0.590698 0.030453 0.041438
0 0.191727 0.113573 0.036922 0.045771
0 0.206297 0.298375 0.032375 0.044042
0 0.343281 0.437854 0.033031 0.034542
0 0.445937 0.433958 0.027188 0.038875
0 0.536281 0.431802 0.021375 0.034563
0 0.615305 0.427917 0.025266 0.037125
0 0.681688 0.424031 0.019437 0.031104
0 0.742891 0.419719 0.021375 0.024188
0 0.796328 0.418417 0.019437 0.028500
0 0.844906 0.419281 0.023313 0.028479
0 0.523008 0.348042 0.022016 0.031083
0 0.519734 0.025500 0.019500 0.030208
0 0.616922 0.051833 0.020719 0.027625
0 0.623398 0.351490 0.019422 0.032813
0 0.672297 0.349760 0.022656 0.029354
0 0.754555 0.354083 0.013609 0.029375
0 0.528836 0.512542 0.027203 0.037125
0 0.625992 0.500885 0.018141 0.027646
0 0.680070 0.498729 0.020078 0.031958
0 0.754547 0.487073 0.012312 0.024187
