0 0.851500 0.478125 0.023938 0.031917
0 0.921984 0.496458 0.023062 0.028375
0 0.546094 0.467490 0.019500 0.027187
0 0.514188 0.697990 0.019500 0.027188
0 0.638297 0.488771 0.017719 0.024833
0 0.607273 0.722219 0.023047 0.030729
0 0.690602 0.500000 0.019516 0.023625
0 0.784125 0.521865 0.016844 0.027187
0 0.661789 0.735229 0.020391 0.028375
0 0.757977 0.760042 0.023047 0.028375
0 0.512406 0.788417 0.019500 0.028375
0 0.585555 0.805552 0.020391 0.029562
0 0.734484 0.846927 0.022156 0.027188
0 0.808953 0.862292 0.023937 0.029542
0 0.964984 0.905375 0.015062 0.023750
0 0.660461 0.826187 0.017734 0.026125
0 0.289898 0.731083 0.023047 0.029542
0 0.334219 0.440302 0.019500 0.027188
0 0.421984 0.372333 0.023062 0.026000
0 0.492023 0.390656 0.017734 0.027187
0 0.441492 0.770687 0.023047 0.028375
0 0.590430 0.136521 0.015953 0.024833
0 0.676422 0.156031 0.021281 0.023646
0 0.562055 0.346333 0.017734 0.028375
0 0.652922 0.371156 0.023937 0.026021
0 0.705672 0.382396 0.015969 0.031917
0 0.796539 0.403667 0.018609 0.020083
0 0.561617 0.408990 0.020391 0.023646
0 0.636078 0.427302 0.018625 0.027187
0 0.707891 0.445625 0.022156 0.026000
0 0.778805 0.460990 0.020391 0.028354
