0 0.442031 0.650260 0.018781 0.031104
0 0.573516 0.337646 0.018781 0.019000
0 0.540805 0.393781 0.018141 0.025896
0 0.458867 0.526333 0.020078 0.025042
0 0.407711 0.609240 0.022672 0.026771
0 0.284328 0.818656 0.029781 0.041437
0 0.080312 0.816927 0.032375 0.041437
0 0.144109 0.887740 0.038219 0.039729
0 0.504211 0.535406 0.017484 0.027646
0 0.709195 0.642917 0.024609 0.035417
0 0.661922 0.788865 0.032375 0.038854
0 0.767164 0.841104 0.031734 0.044917
0 0.847477 0.517708 0.025266 0.031958
0 0.870141 0.446469 0.025250 0.036271
0 0.729266 0.985385 0.039094 0.024479
