0 0.358156 0.358750 0.019500 0.022458
0 0.358602 0.462177 0.018609 0.021271
0 0.359484 0.627073 0.016844 0.027187
0 0.363922 0.879427 0.016844 0.021271
0 0.432625 0.544917 0.015969 0.028375
0 0.500000 0.544917 0.014188 0.026000
0 0.562055 0.543729 0.017734 0.018917
0 0.559844 0.274823 0.016844 0.020104
0 0.640070 0.280740 0.017734 0.027188
0 0.555406 0.488177 0.015062 0.018896
0 0.634313 0.489365 0.016844 0.021271
0 0.689672 0.282500 0.012500 0.016542
0 0.763297 0.287823 0.014187 0.020104
0 0.501328 0.183208 0.016844 0.016542
0 0.568703 0.187354 0.016844 0.015375
0 0.753992 0.207448 0.015078 0.020104
0 0.812937 0.212167 0.021281 0.013000
0 0.923313 0.223406 0.015062 0.021271
0 0.681742 0.486990 0.015953 0.023646
0 0.753992 0.489354 0.013297 0.018917
0 0.625000 0.543146 0.017719 0.020083
0 0.685281 0.541958 0.019500 0.022458
0 0.741578 0.541365 0.016844 0.021271
0 0.798312 0.539010 0.015062 0.021271
0 0.852391 0.539604 0.016844 0.022458
0 0.552742 0.597521 0.020391 0.024833
0 0.631203 0.595146 0.015969 0.022458
0 0.675094 0.595740 0.016844 0.023646
0 0.750883 0.592792 0.015953 0.022458
0 0.550531 0.797281 0.015969 0.015354
0 0.625000 0.788417 0.014188 0.018917
