0 0.562180 0.268562 0.022016 0.038000
0 0.255180 0.310021 0.027203 0.041458
0 0.218266 0.739635 0.027187 0.037146
0 0.476039 0.241802 0.023328 0.039729
0 0.717297 0.313906 0.025250 0.031938
0 0.785953 0.332479 0.018781 0.031083
0 0.904797 0.367021 0.023312 0.031083
0 0.713734 0.240927 0.020719 0.032813
0 0.799219 0.268135 0.016844 0.030229
0 0.436852 0.747417 0.025266 0.028500
0 0.530445 0.749562 0.027203 0.031083
0 0.612695 0.752156 0.020734 0.029354
0 0.688797 0.753885 0.023969 0.032813
0 0.759070 0.753896 0.020734 0.034542
0 0.823508 0.755615 0.022672 0.031104
0 0.940094 0.756479 0.022656 0.032833
