0 0.442375 0.658396 0.023062 0.028375
0 0.471187 0.539594 0.018625 0.020104
0 0.485367 0.485812 0.020391 0.023625
0 0.505766 0.397156 0.016844 0.014188
0 0.570477 0.309698 0.013297 0.021271
0 0.559836 0.364063 0.018609 0.021292
0 0.449023 0.903073 0.025703 0.037813
0 0.476500 0.770687 0.023937 0.035458
0 0.497789 0.662531 0.020391 0.027188
0 0.516398 0.569740 0.022172 0.026021
0 0.533687 0.491135 0.023062 0.024812
0 0.547430 0.421990 0.020391 0.021271
0 0.592648 0.423167 0.020391 0.016542
0 0.578898 0.514177 0.021266 0.021271
0 0.550977 0.692667 0.022172 0.026000
0 0.568266 0.571521 0.019500 0.022458
0 0.755320 0.466906 0.017734 0.023646
0 0.764180 0.626469 0.015953 0.030729
0 0.763742 0.753552 0.020391 0.027188
0 0.016844 0.917260 0.026594 0.049646
0 0.202125 0.982260 0.035469 0.030729
