0 0.289203 0.732323 0.022031 0.024188
0 0.332273 0.438271 0.014891 0.025042
0 0.376312 0.177490 0.012312 0.030229
0 0.490297 0.388625 0.016188 0.025917
0 0.564781 0.408917 0.018781 0.028500
0 0.705656 0.444750 0.019437 0.027625
0 0.779813 0.462896 0.021375 0.027625
0 0.923594 0.496573 0.018781 0.029354
0 0.706617 0.383010 0.020078 0.028479
0 0.796320 0.405031 0.015547 0.027646
0 0.438484 0.770750 0.021375 0.021583
0 0.512969 0.790177 0.021375 0.025896
0 0.585187 0.807448 0.019437 0.027646
0 0.660641 0.827750 0.018781 0.028500
0 0.732852 0.846313 0.019422 0.027625
0 0.809930 0.863156 0.019422 0.030229
0 0.961156 0.902875 0.022656 0.030208
