0 0.753555 0.489729 0.011859 0.022125
0 0.680688 0.488937 0.013031 0.022125
0 0.850711 0.541469 0.020141 0.026063
0 0.561906 0.543844 0.014813 0.024479
0 0.742891 0.542260 0.017781 0.022896
0 0.626477 0.790687 0.019547 0.017375
0 0.546797 0.794229 0.015406 0.021333
0 0.497930 0.543437 0.021922 0.020542
0 0.361664 0.878354 0.019547 0.025292
0 0.358711 0.625594 0.018359 0.025271
0 0.356039 0.356635 0.016578 0.027646
0 0.922391 0.221958 0.016594 0.018958
0 0.810422 0.212479 0.015406 0.017375
0 0.752961 0.207740 0.017766 0.015813
0 0.552727 0.599125 0.016578 0.021333
0 0.568125 0.188000 0.016594 0.015792
0 0.502367 0.182854 0.022516 0.018167
0 0.684242 0.541073 0.016578 0.030021
0 0.761844 0.285542 0.013031 0.018167
0 0.688688 0.281198 0.017188 0.023688
0 0.631812 0.597552 0.018375 0.032396
