0 0.606828 0.722813 0.018625 0.031917
0 0.289008 0.732271 0.021266 0.024833
0 0.333336 0.441490 0.017734 0.027188
0 0.376773 0.181448 0.017734 0.027188
0 0.493352 0.394198 0.022172 0.027188
0 0.561609 0.408385 0.018625 0.027188
0 0.707891 0.446219 0.016844 0.029562
0 0.704344 0.382979 0.018625 0.026000
0 0.513742 0.701531 0.020391 0.029562
0 0.546539 0.466312 0.018609 0.022458
0 0.796547 0.404260 0.016844 0.023646
0 0.779250 0.461000 0.021281 0.026000
0 0.924203 0.497635 0.022156 0.026021
0 0.637859 0.486990 0.016844 0.021271
0 0.437937 0.770094 0.019500 0.027188
0 0.514180 0.789604 0.024828 0.026000
0 0.585992 0.808510 0.019516 0.028354
0 0.659578 0.825646 0.021281 0.029542
0 0.733602 0.840427 0.020391 0.033104
0 0.808953 0.865833 0.022156 0.024833
0 0.965422 0.905438 0.019500 0.030750
