0 0.430055 0.405448 0.016828 0.019854
0 0.852977 0.968917 0.027203 0.034542
0 0.754211 0.971073 0.030453 0.038854
0 0.588414 0.971937 0.020078 0.035417
0 0.495789 0.974958 0.023953 0.029375
0 0.342938 0.981875 0.023969 0.031083
0 0.875289 0.623063 0.011078 0.028500
0 0.850359 0.507781 0.014312 0.013813
0 0.810883 0.366583 0.027203 0.025042
0 0.665805 0.473229 0.023328 0.025917
0 0.670984 0.526333 0.014250 0.025042
0 0.687828 0.642052 0.018125 0.026771
0 0.658687 0.843271 0.025906 0.031958
0 0.637305 0.633854 0.022016 0.024167
0 0.628883 0.544042 0.018141 0.024167
0 0.613664 0.394646 0.022672 0.024167
0 0.607836 0.329010 0.022672 0.029354
0 0.580633 0.478844 0.014891 0.019854
0 0.571570 0.385583 0.017484 0.018125
0 0.425844 0.488771 0.014906 0.019000
