0 0.759328 0.754552 0.024875 0.029854
0 0.529227 0.635167 0.026109 0.033167
0 0.782023 0.657135 0.016797 0.029021
0 0.939055 0.757052 0.023641 0.028187
0 0.651430 0.363594 0.019266 0.027354
0 0.547883 0.339552 0.023641 0.032354
0 0.901742 0.364844 0.023641 0.029854
0 0.847328 0.353229 0.020531 0.034833
0 0.785141 0.330844 0.019281 0.029854
0 0.716109 0.314260 0.024250 0.034812
0 0.276430 0.066333 0.026734 0.038125
0 0.644594 0.290208 0.024250 0.033167
0 0.798813 0.268240 0.018031 0.030688
0 0.712688 0.240458 0.024875 0.031500
0 0.657336 0.223875 0.023641 0.031500
0 0.563742 0.266583 0.020516 0.037333
0 0.557211 0.190292 0.021141 0.034000
0 0.474500 0.245438 0.024875 0.039792
0 0.378734 0.214760 0.023625 0.036479
0 0.219844 0.740052 0.031719 0.035646
0 0.255289 0.311781 0.027984 0.036479
0 0.793531 0.401323 0.017406 0.028188
0 0.436875 0.746260 0.026750 0.029854
0 0.532336 0.751240 0.029859 0.034812
0 0.614734 0.753729 0.025500 0.028208
0 0.688742 0.752490 0.024266 0.029021
0 0.824625 0.753729 0.023625 0.028208
0 0.707086 0.381010 0.022391 0.029021
0 0.636195 0.646771 0.023641 0.033167
