0 0.169773 0.719323 0.022391 0.022396
0 0.277984 0.787729 0.023625 0.028208
0 0.351367 0.830438 0.026109 0.032333
0 0.485078 0.910031 0.026125 0.030688
0 0.577734 0.962687 0.027375 0.031500
0 0.450563 0.754979 0.019281 0.024042
0 0.509945 0.581260 0.021141 0.023229
0 0.534203 0.508292 0.017406 0.023208
0 0.580531 0.383083 0.018031 0.018250
0 0.595461 0.326698 0.018047 0.018229
0 0.549125 0.610281 0.018656 0.021563
0 0.578039 0.512437 0.015547 0.023208
0 0.727297 0.677448 0.025500 0.023229
0 0.746273 0.567156 0.022391 0.021563
0 0.839555 0.394687 0.017422 0.024875
0 0.831461 0.459781 0.016172 0.020729
0 0.803484 0.699417 0.024875 0.030667
0 0.791977 0.805146 0.027984 0.033167
