0 0.688117 0.283677 0.016266 0.019854
0 0.762953 0.288437 0.020719 0.022458
0 0.753562 0.490073 0.014906 0.019854
0 0.678438 0.490927 0.016188 0.023312
0 0.686203 0.544042 0.016188 0.022458
0 0.565742 0.547063 0.017484 0.025042
0 0.499352 0.545771 0.020734 0.025917
0 0.921953 0.227115 0.018781 0.024187
0 0.810234 0.213729 0.018125 0.018125
0 0.754531 0.208552 0.016844 0.018146
0 0.566391 0.189115 0.018781 0.017271
0 0.499031 0.183073 0.021375 0.017271
0 0.362375 0.879104 0.018781 0.024167
0 0.359461 0.627375 0.019422 0.025042
0 0.358492 0.359240 0.020078 0.024188
0 0.849742 0.540156 0.016828 0.023312
0 0.740609 0.541885 0.014906 0.019854
