0 0.509070 0.582042 0.020734 0.025917
0 0.277531 0.785844 0.021375 0.024188
0 0.167750 0.719781 0.018125 0.023312
0 0.792422 0.804844 0.023969 0.032813
0 0.534328 0.506917 0.018125 0.022458
0 0.804406 0.699917 0.023312 0.028500
0 0.832258 0.459844 0.019422 0.023312
0 0.838406 0.392917 0.018781 0.019000
0 0.596828 0.328156 0.016187 0.020729
0 0.579664 0.384281 0.016828 0.024187
0 0.577398 0.509937 0.020078 0.018125
0 0.745469 0.568656 0.018125 0.023312
0 0.726359 0.675729 0.021375 0.025042
0 0.547930 0.607948 0.016828 0.024188
0 0.573836 0.962865 0.024609 0.032813
0 0.482516 0.908031 0.023312 0.035396
0 0.349742 0.829885 0.025922 0.029354
0 0.449805 0.754750 0.022672 0.029375
