0 0.420336 0.664937 0.015547 0.025917
0 0.425195 0.553115 0.013609 0.019854
0 0.386977 0.245677 0.008422 0.014687
0 0.380836 0.361406 0.010359 0.019854
0 0.374672 0.425302 0.009719 0.023312
0 0.368531 0.493094 0.011656 0.024188
0 0.363664 0.574260 0.011016 0.020729
0 0.357836 0.655010 0.008422 0.018146
0 0.423898 0.490510 0.013609 0.017271
0 0.429086 0.405448 0.011016 0.019854
0 0.575133 0.388177 0.016828 0.023312
0 0.581930 0.478844 0.016203 0.023312
0 0.583875 0.535844 0.017500 0.019854
0 0.591977 0.649833 0.015547 0.025042
0 0.603953 0.274615 0.026562 0.024187
0 0.607508 0.331167 0.012953 0.025042
0 0.616586 0.397240 0.015547 0.022438
0 0.654469 0.377802 0.014906 0.023312
0 0.665156 0.471073 0.018125 0.021604
0 0.673250 0.524604 0.016188 0.028500
0 0.690094 0.641187 0.023969 0.028500
0 0.806992 0.360542 0.018141 0.018125
0 0.829344 0.446458 0.013594 0.015542
0 0.847477 0.507333 0.012297 0.025042
0 0.873055 0.622198 0.012953 0.021604
0 0.629211 0.544042 0.018797 0.025917
0 0.622734 0.465021 0.016188 0.025042
0 0.636984 0.634292 0.021375 0.025042
0 0.647992 0.733594 0.022672 0.030229
0 0.658031 0.838948 0.020719 0.030229
0 0.339055 0.977979 0.022672 0.025042
0 0.495484 0.974958 0.024656 0.025917
0 0.586789 0.973667 0.025922 0.028500
0 0.752914 0.971500 0.027859 0.031083
0 0.851688 0.965031 0.028500 0.037146
0 0.352008 0.752156 0.011016 0.027646
