0 0.471187 0.542552 0.020375 0.021271
0 0.485820 0.487583 0.023047 0.022458
0 0.508422 0.398344 0.016844 0.016563
0 0.571359 0.309104 0.016844 0.022458
0 0.442375 0.658979 0.021281 0.031917
0 0.560281 0.361698 0.015969 0.021271
0 0.546984 0.420802 0.019500 0.021271
0 0.533250 0.489948 0.023937 0.020104
0 0.516844 0.567969 0.021281 0.027187
0 0.497336 0.661938 0.023047 0.033083
0 0.475180 0.769500 0.024828 0.037833
0 0.448141 0.904844 0.029250 0.041354
0 0.016398 0.917844 0.027484 0.046104
0 0.202570 0.981625 0.034578 0.029667
0 0.591758 0.423760 0.018609 0.020104
0 0.755758 0.467490 0.020391 0.020104
0 0.578453 0.513000 0.016844 0.021292
0 0.568711 0.572104 0.020391 0.028375
0 0.550531 0.691490 0.021281 0.035479
0 0.764180 0.621750 0.015953 0.021292
0 0.765070 0.749990 0.017734 0.017729
