0 0.378258 0.364010 0.011016 0.019854
0 0.374375 0.425323 0.009719 0.021604
0 0.370164 0.497865 0.012953 0.021604
0 0.365953 0.575583 0.016187 0.021583
0 0.359477 0.659344 0.012297 0.023312
0 0.352672 0.751750 0.010375 0.028500
0 0.657078 0.844583 0.022031 0.032833
0 0.853969 0.961594 0.024625 0.016396
0 0.754875 0.961156 0.028500 0.017271
0 0.638945 0.634740 0.018141 0.029354
0 0.630195 0.548385 0.022672 0.027646
0 0.615664 0.396396 0.021953 0.022458
0 0.607852 0.329469 0.020734 0.019854
0 0.572555 0.385177 0.016203 0.013812
0 0.580648 0.479292 0.018141 0.022458
0 0.388297 0.247438 0.011656 0.012958
0 0.674242 0.527656 0.016203 0.017271
0 0.687195 0.640781 0.020078 0.024188
0 0.847164 0.510823 0.017484 0.026771
