0 0.515242 0.625208 0.021766 0.031500
0 0.506219 0.503323 0.023625 0.029854
0 0.465172 0.467667 0.021156 0.031500
0 0.491602 0.418323 0.021766 0.025688
0 0.533586 0.349500 0.021141 0.025708
0 0.779227 0.606969 0.029859 0.031521
0 0.597953 0.322969 0.019281 0.022396
0 0.573687 0.374375 0.019281 0.025708
0 0.541977 0.432417 0.020516 0.027375
0 0.621273 0.382667 0.016172 0.022375
0 0.587375 0.461448 0.020531 0.022396
0 0.561562 0.509958 0.023625 0.024875
0 0.620961 0.278604 0.020516 0.019917
0 0.805344 0.453563 0.023625 0.031500
0 0.092039 0.815094 0.033578 0.036479
0 0.186258 0.895938 0.039172 0.048917
0 0.355102 0.808042 0.033578 0.047250
0 0.414805 0.684490 0.027359 0.038979
0 0.407648 0.565500 0.027984 0.024875
0 0.466102 0.582510 0.023016 0.029021
