0 0.771273 0.841021 0.037234 0.041375
0 0.079344 0.815594 0.032813 0.040188
0 0.455672 0.446813 0.017719 0.026000
0 0.539453 0.394802 0.018625 0.021271
0 0.507086 0.370563 0.017734 0.020083
0 0.141844 0.890656 0.030156 0.046104
0 0.573586 0.339833 0.017734 0.017750
0 0.284133 0.817375 0.027484 0.039000
0 0.409570 0.613469 0.024828 0.030729
0 0.458328 0.530729 0.019500 0.028375
0 0.444148 0.653667 0.019516 0.026000
0 0.708781 0.640656 0.023937 0.023646
0 0.660461 0.787240 0.026609 0.033104
0 0.866578 0.443854 0.025719 0.020083
0 0.849289 0.519500 0.023047 0.034292
0 0.730938 0.985219 0.034563 0.024813
