0 0.742000 0.541073 0.018375 0.025271
0 0.356039 0.356240 0.020141 0.026854
0 0.356047 0.460115 0.014219 0.027646
0 0.358117 0.624010 0.018359 0.026854
0 0.363742 0.877573 0.016578 0.025271
0 0.500891 0.180490 0.012438 0.013438
0 0.570492 0.188385 0.022516 0.021313
0 0.755922 0.208135 0.016594 0.022896
0 0.813094 0.213667 0.018375 0.024500
0 0.920914 0.222750 0.019547 0.018958
0 0.558055 0.272115 0.016578 0.026063
0 0.633297 0.490125 0.016594 0.024500
0 0.682164 0.490917 0.017172 0.024500
0 0.750891 0.489729 0.014813 0.022125
0 0.689578 0.280010 0.015406 0.024479
0 0.760953 0.284354 0.012438 0.018958
0 0.499109 0.544229 0.019562 0.020542
0 0.563688 0.544240 0.017188 0.026854
0 0.684539 0.542250 0.017172 0.019750
0 0.850414 0.541073 0.014797 0.025271
0 0.553312 0.599135 0.016594 0.024479
0 0.630625 0.594396 0.017188 0.021333
0 0.547984 0.795021 0.014219 0.022917
0 0.625297 0.791854 0.014813 0.018167
