0 0.569531 0.310417 0.020313 0.020833
0 0.018750 0.914583 0.031250 0.045833
0 0.453125 0.900000 0.028125 0.041667
0 0.476562 0.770833 0.028125 0.037500
0 0.500781 0.660417 0.020313 0.029167
0 0.517969 0.568750 0.023438 0.029167
0 0.533594 0.488542 0.017188 0.022917
0 0.546875 0.423958 0.021875 0.027083
0 0.558594 0.364583 0.020313 0.025000
0 0.506250 0.397917 0.015625 0.020833
0 0.485938 0.481250 0.015625 0.025000
0 0.471094 0.541667 0.014063 0.025000
0 0.441406 0.656250 0.020313 0.029167
0 0.594531 0.423958 0.017188 0.018750
0 0.578906 0.511458 0.023438 0.022917
0 0.569531 0.568750 0.020313 0.029167
0 0.548438 0.694792 0.021875 0.031250
0 0.755469 0.467708 0.020313 0.022917
0 0.762500 0.623958 0.018750 0.022917
0 0.763281 0.752083 0.020313 0.033333
0 0.203125 0.982292 0.034375 0.031250
