0 0.550086 0.693260 0.020391 0.024813
0 0.507094 0.400115 0.019500 0.017729
0 0.485813 0.486990 0.019500 0.023646
0 0.559391 0.362292 0.019500 0.020083
0 0.548758 0.423750 0.017734 0.022458
0 0.517289 0.569740 0.018609 0.023646
0 0.578461 0.513000 0.020391 0.026000
0 0.568266 0.569740 0.019500 0.021271
0 0.756211 0.468667 0.023047 0.022458
0 0.498227 0.660750 0.023047 0.028375
0 0.449914 0.901896 0.032797 0.035458
0 0.018172 0.916073 0.031031 0.040188
0 0.202570 0.982271 0.032797 0.028375
0 0.761523 0.625302 0.015953 0.021271
0 0.765070 0.754135 0.017734 0.023646
