0 0.791172 0.806073 0.021906 0.027646
0 0.479563 0.663906 0.017188 0.026062
0 0.450242 0.756312 0.022516 0.021333
0 0.483711 0.908375 0.020734 0.033167
0 0.348633 0.828594 0.020734 0.028438
0 0.276367 0.783969 0.020734 0.026062
0 0.168836 0.719990 0.018953 0.026063
0 0.572867 0.956552 0.024891 0.026854
0 0.841234 0.392177 0.016594 0.030812
0 0.833234 0.458927 0.017188 0.025271
0 0.508891 0.582542 0.014219 0.021333
0 0.536727 0.509875 0.020141 0.024500
0 0.557766 0.443917 0.014812 0.020542
0 0.579086 0.382312 0.015984 0.017375
0 0.598336 0.329385 0.018953 0.022104
0 0.614930 0.279229 0.017766 0.018167
0 0.545906 0.361760 0.014813 0.007896
0 0.518070 0.435625 0.015984 0.022917
0 0.499109 0.479458 0.016000 0.014208
0 0.465047 0.573854 0.014219 0.022917
0 0.576422 0.509875 0.017781 0.022917
0 0.548578 0.610583 0.016594 0.022125
0 0.594789 0.465240 0.021328 0.025271
0 0.619961 0.385469 0.018359 0.014229
0 0.765992 0.424958 0.021328 0.025292
0 0.747633 0.570292 0.022516 0.017375
0 0.727781 0.674167 0.013625 0.024500
0 0.804797 0.697875 0.014812 0.037125
