0 0.234453 0.463938 0.019906 0.025708
0 0.570586 0.691958 0.021766 0.030667
0 0.511031 0.916698 0.018781 0.030229
0 0.423273 0.873948 0.018141 0.025896
0 0.369836 0.845021 0.016203 0.021583
0 0.283695 0.801833 0.020078 0.021583
0 0.479477 0.651740 0.019891 0.026521
0 0.429414 0.624375 0.015547 0.026542
0 0.342969 0.584583 0.020531 0.024875
0 0.601984 0.575448 0.018656 0.029854
0 0.515234 0.531927 0.019281 0.027354
0 0.463305 0.510365 0.021141 0.035646
0 0.374062 0.466000 0.019281 0.026542
0 0.659516 0.354479 0.020531 0.025708
0 0.301609 0.498760 0.018656 0.022396
0 0.369094 0.529438 0.018031 0.027375
0 0.438125 0.563438 0.018031 0.024042
0 0.506219 0.597427 0.017406 0.027354
0 0.577109 0.629354 0.019906 0.023208
0 0.646461 0.665010 0.021766 0.029854
0 0.715180 0.691958 0.022391 0.030667
0 0.432211 0.250417 0.017422 0.024875
0 0.521766 0.291875 0.016156 0.024875
0 0.570898 0.311781 0.016172 0.019896
