0 0.285313 0.818250 0.031094 0.040583
0 0.865625 0.446052 0.025906 0.033687
0 0.661289 0.786292 0.025266 0.037125
0 0.711477 0.639052 0.022016 0.027646
0 0.769773 0.473687 0.022016 0.028500
0 0.585187 0.405896 0.018125 0.027625
0 0.541461 0.487500 0.020078 0.023333
0 0.502609 0.459000 0.018781 0.028500
0 0.541141 0.394667 0.019437 0.024167
0 0.574820 0.339396 0.019422 0.022458
0 0.604945 0.288885 0.017484 0.019854
0 0.507141 0.371354 0.017500 0.019000
0 0.457922 0.447781 0.018781 0.026771
0 0.458891 0.530250 0.019437 0.025917
0 0.422945 0.495708 0.018797 0.019000
0 0.359148 0.592427 0.022016 0.025896
0 0.408047 0.607542 0.023969 0.025042
0 0.351703 0.702958 0.025250 0.027625
0 0.729297 0.985760 0.030438 0.028479
0 0.143156 0.888188 0.033031 0.037125
0 0.083953 0.819656 0.039812 0.037312
0 0.848461 0.520323 0.027859 0.033687
0 0.767180 0.838969 0.028484 0.040604
