0 0.390961 0.445031 0.017734 0.015354
0 0.399375 0.556146 0.018625 0.022458
0 0.584656 0.330375 0.016844 0.022458
0 0.600172 0.413125 0.019500 0.022458
0 0.628992 0.595156 0.020391 0.024812
0 0.661789 0.502958 0.018609 0.024833
0 0.803187 0.355792 0.019500 0.021292
0 0.644945 0.695042 0.020391 0.026000
0 0.673758 0.570927 0.017734 0.023646
0 0.699023 0.699167 0.020391 0.024833
0 0.683062 0.920208 0.023937 0.031917
0 0.347516 0.870563 0.019500 0.029542
0 0.342641 0.759458 0.015063 0.020083
0 0.339094 0.656625 0.016844 0.022458
0 0.333328 0.561458 0.019500 0.028375
0 0.329344 0.471042 0.015062 0.024833
0 0.319148 0.239948 0.015953 0.021271
0 0.324906 0.390073 0.016844 0.021271
