0 0.376312 0.182229 0.011000 0.025917
0 0.288562 0.734042 0.023937 0.028375
0 0.421539 0.374104 0.020391 0.031917
0 0.492016 0.394208 0.019500 0.029542
0 0.562055 0.410156 0.021266 0.030729
0 0.513734 0.699760 0.016844 0.030729
0 0.544320 0.466302 0.017734 0.027187
0 0.635195 0.427896 0.020391 0.026000
0 0.562055 0.349281 0.021266 0.027188
0 0.589539 0.135937 0.015953 0.026000
0 0.676414 0.155438 0.017734 0.024833
0 0.650703 0.370563 0.019500 0.022458
0 0.606828 0.721042 0.016844 0.026000
0 0.636078 0.487583 0.016844 0.020083
0 0.706117 0.444448 0.018609 0.030729
0 0.706117 0.382979 0.020391 0.023625
0 0.796984 0.404250 0.019500 0.026000
0 0.778813 0.461000 0.023938 0.026000
0 0.850172 0.479312 0.019500 0.024833
0 0.924648 0.494083 0.023047 0.028375
0 0.440602 0.770094 0.024828 0.029562
0 0.512852 0.790187 0.018609 0.029542
0 0.585992 0.806740 0.017734 0.027188
0 0.660016 0.825052 0.022156 0.030729
0 0.733156 0.843969 0.021281 0.030729
0 0.809844 0.864062 0.022156 0.035458
0 0.965867 0.901896 0.020391 0.028375
0 0.691484 0.501771 0.021281 0.022458
0 0.661789 0.734635 0.018609 0.024812
0 0.784133 0.525417 0.020391 0.024833
0 0.758422 0.761823 0.018625 0.027188
0 0.331945 0.442604 0.012953 0.028500
0 0.360445 0.276792 0.015547 0.025042
