0 0.803172 0.699833 0.026750 0.033167
0 0.831781 0.457708 0.019281 0.024875
0 0.838930 0.393042 0.022391 0.024875
0 0.168531 0.718490 0.023625 0.020729
0 0.277359 0.784833 0.023625 0.025708
0 0.347953 0.825875 0.018031 0.026542
0 0.486320 0.910448 0.028609 0.039813
0 0.574938 0.963104 0.028000 0.032333
0 0.449625 0.756625 0.021156 0.024042
0 0.509945 0.580844 0.014922 0.019062
0 0.535445 0.506635 0.016172 0.021563
0 0.516789 0.435323 0.016172 0.023229
0 0.546016 0.363177 0.013687 0.019896
0 0.579914 0.383083 0.018047 0.021542
0 0.595461 0.327948 0.013047 0.019063
0 0.577734 0.510781 0.016156 0.013271
0 0.548508 0.606552 0.016172 0.022396
0 0.744406 0.565917 0.019906 0.022375
0 0.727609 0.675792 0.024875 0.026542
0 0.791047 0.803490 0.023625 0.029854
