0 0.255516 0.310469 0.025906 0.037146
0 0.219258 0.737938 0.027203 0.037125
0 0.437523 0.747437 0.024609 0.035417
0 0.529484 0.751323 0.025906 0.032813
0 0.614008 0.752615 0.023953 0.035396
0 0.689781 0.755635 0.021375 0.031104
0 0.761672 0.754771 0.018781 0.031083
0 0.826445 0.756927 0.017484 0.030229
0 0.475078 0.240521 0.023313 0.035417
0 0.561547 0.264708 0.023969 0.035417
0 0.718289 0.313927 0.020078 0.033688
0 0.784344 0.332490 0.017500 0.025896
0 0.906109 0.368760 0.021375 0.029354
0 0.713094 0.236635 0.021375 0.024187
0 0.799563 0.268594 0.019438 0.029354
0 0.547945 0.338542 0.025266 0.027625
0 0.649953 0.359698 0.020719 0.026771
0 0.527547 0.631719 0.020719 0.030229
0 0.632789 0.642510 0.023953 0.032813
