0 0.781734 0.655875 0.016844 0.030208
0 0.276883 0.064344 0.026547 0.038854
0 0.255508 0.309156 0.026547 0.036271
0 0.218586 0.738771 0.026547 0.037125
0 0.378242 0.214167 0.027203 0.038000
0 0.476367 0.242656 0.022672 0.036271
0 0.563148 0.267708 0.022672 0.034542
0 0.645398 0.289729 0.020078 0.028500
0 0.719562 0.314771 0.022031 0.030208
0 0.785953 0.333760 0.021375 0.030229
0 0.847148 0.350604 0.022016 0.029375
0 0.556352 0.187823 0.019422 0.026771
0 0.655438 0.222792 0.023313 0.031083
0 0.713414 0.240073 0.020078 0.031104
0 0.798578 0.265115 0.020719 0.025896
0 0.904148 0.366146 0.022016 0.027625
0 0.529469 0.636875 0.026562 0.035417
0 0.548578 0.338521 0.023313 0.025917
0 0.651555 0.363125 0.020734 0.025042
0 0.704664 0.378240 0.022016 0.025896
0 0.794367 0.399396 0.016203 0.023333
0 0.634398 0.645510 0.022672 0.026771
0 0.436203 0.744823 0.025250 0.030229
0 0.529469 0.749562 0.022656 0.034542
0 0.613664 0.752583 0.025266 0.028500
0 0.688477 0.754750 0.024609 0.025917
0 0.761664 0.753885 0.018141 0.031104
0 0.824164 0.755177 0.022672 0.026771
0 0.939766 0.758208 0.023312 0.025917
