0 0.601687 0.574271 0.020719 0.025917
0 0.511984 0.531521 0.016188 0.021583
0 0.461469 0.507771 0.018781 0.022458
0 0.715031 0.695167 0.019437 0.027625
0 0.576102 0.628240 0.021359 0.021604
0 0.507125 0.595854 0.018125 0.025917
0 0.299867 0.495688 0.018141 0.024167
0 0.369500 0.530656 0.021375 0.026771
0 0.570273 0.314333 0.020078 0.027625
0 0.432320 0.250427 0.018797 0.029354
0 0.283031 0.805271 0.019438 0.021583
0 0.370469 0.847156 0.018125 0.024188
0 0.429734 0.624354 0.018781 0.024167
0 0.343914 0.581177 0.018141 0.024187
0 0.658359 0.353625 0.018781 0.021583
