0 0.168086 0.719802 0.018141 0.023312
0 0.280133 0.790177 0.028484 0.029354
0 0.350406 0.829042 0.023969 0.029375
0 0.482531 0.905469 0.025250 0.035396
0 0.575469 0.960292 0.028500 0.038000
0 0.448852 0.756927 0.021359 0.030229
0 0.509727 0.579469 0.017484 0.022437
0 0.534344 0.506500 0.016188 0.021583
0 0.579031 0.382146 0.016188 0.019875
0 0.596516 0.328177 0.016188 0.017271
0 0.546008 0.360135 0.017484 0.017271
0 0.516531 0.434385 0.019437 0.020729
0 0.579031 0.507365 0.021375 0.019854
0 0.549563 0.612281 0.022031 0.024188
0 0.745484 0.567812 0.018781 0.023333
0 0.723141 0.674458 0.019437 0.022458
0 0.792438 0.805719 0.022031 0.032813
0 0.804422 0.700802 0.021375 0.033688
0 0.833562 0.459865 0.021375 0.026771
0 0.837453 0.395531 0.017500 0.029354
