0 0.636656 0.632552 0.019437 0.026771
0 0.629539 0.545771 0.015547 0.027625
0 0.615617 0.397677 0.020078 0.030229
0 0.607516 0.329021 0.019437 0.022458
0 0.350070 0.750438 0.011016 0.025917
0 0.359133 0.660198 0.012297 0.030229
0 0.365930 0.571677 0.012953 0.020729
0 0.368523 0.495260 0.010359 0.023312
0 0.374680 0.424438 0.011016 0.021583
0 0.378883 0.358813 0.010359 0.021583
0 0.580633 0.477125 0.014891 0.021583
0 0.575133 0.382125 0.018141 0.018125
0 0.423250 0.491375 0.012312 0.019000
0 0.431023 0.403281 0.014891 0.020729
0 0.387953 0.247417 0.013594 0.019000
0 0.852781 0.966042 0.025469 0.036333
0 0.752367 0.968000 0.024891 0.035542
0 0.588273 0.975115 0.023703 0.027646
0 0.497000 0.975115 0.020062 0.027646
0 0.340047 0.979073 0.023687 0.027646
0 0.873055 0.621760 0.018141 0.024188
0 0.845211 0.508635 0.015547 0.022438
0 0.688477 0.641198 0.024609 0.026771
0 0.672281 0.527635 0.012969 0.024187
0 0.806672 0.363135 0.021375 0.023312
0 0.668070 0.468917 0.022672 0.024167
0 0.658680 0.841104 0.029797 0.027625
