0 0.278187 0.063062 0.028500 0.038000
0 0.254227 0.310469 0.032391 0.050937
0 0.216336 0.736208 0.029141 0.035417
0 0.436867 0.748292 0.022016 0.035417
0 0.529164 0.748729 0.025266 0.034542
0 0.614977 0.750448 0.022016 0.032813
0 0.690430 0.753479 0.025266 0.030208
0 0.760383 0.754771 0.022672 0.031083
0 0.828391 0.756062 0.021375 0.031958
0 0.530781 0.636458 0.022031 0.031083
0 0.634078 0.643375 0.018781 0.032833
0 0.784023 0.660219 0.018141 0.033688
0 0.794055 0.392073 0.017484 0.024188
0 0.708570 0.378687 0.017484 0.031958
0 0.648656 0.358833 0.025906 0.028500
0 0.549891 0.335948 0.026562 0.024188
0 0.378906 0.211156 0.027844 0.038854
0 0.475406 0.242250 0.022656 0.037125
0 0.556359 0.185250 0.021375 0.031958
0 0.657078 0.222823 0.022031 0.036271
0 0.562844 0.266854 0.026562 0.034542
0 0.643477 0.292760 0.020734 0.032813
0 0.715687 0.310042 0.023969 0.034542
0 0.714719 0.240521 0.019437 0.033667
0 0.799242 0.267719 0.022672 0.036271
0 0.786609 0.331635 0.020719 0.032813
0 0.846523 0.348906 0.020078 0.032813
0 0.903187 0.367469 0.028500 0.031938
