0 0.080070 0.811854 0.030453 0.034542
0 0.144445 0.886896 0.036922 0.041458
0 0.283695 0.818677 0.030453 0.039729
0 0.350406 0.707708 0.029156 0.037125
0 0.358172 0.594156 0.021375 0.029354
0 0.423586 0.493115 0.020078 0.022438
0 0.408695 0.611854 0.023953 0.026750
0 0.456297 0.527656 0.020719 0.025896
0 0.455328 0.446479 0.026562 0.027625
0 0.507461 0.370490 0.022016 0.024187
0 0.602672 0.290177 0.016844 0.017271
0 0.575789 0.340271 0.020078 0.019000
0 0.540500 0.394240 0.028500 0.023313
0 0.502609 0.458573 0.022656 0.024187
0 0.539523 0.484479 0.020078 0.024167
0 0.589070 0.405458 0.019422 0.021583
0 0.769125 0.471958 0.020719 0.023333
0 0.710508 0.642948 0.026547 0.030229
0 0.657398 0.781542 0.031734 0.038000
0 0.870484 0.447344 0.026562 0.039729
0 0.846844 0.520323 0.024625 0.033687
0 0.767828 0.838542 0.028500 0.038000
0 0.729945 0.984031 0.034328 0.031937
