0 0.356648 0.806802 0.034203 0.044771
0 0.413867 0.684083 0.027984 0.033167
0 0.407961 0.565917 0.023641 0.034000
0 0.465797 0.584990 0.024875 0.032354
0 0.514930 0.623135 0.021141 0.029021
0 0.466727 0.466417 0.021766 0.025708
0 0.492227 0.421229 0.021766 0.031500
0 0.534516 0.345354 0.018031 0.019083
0 0.621891 0.280677 0.017406 0.022396
0 0.599500 0.322969 0.018656 0.025687
0 0.575250 0.373552 0.024875 0.027354
0 0.620336 0.383083 0.019266 0.024875
0 0.805656 0.453979 0.024250 0.024042
0 0.542914 0.432833 0.021141 0.026542
0 0.506531 0.499167 0.023000 0.026542
0 0.561875 0.511188 0.024250 0.025708
0 0.586133 0.460615 0.023016 0.022396
0 0.777055 0.606135 0.026734 0.026521
0 0.187812 0.895937 0.042281 0.047250
0 0.091727 0.815500 0.035453 0.040625
