0 0.569648 0.315917 0.017422 0.024875
0 0.660453 0.352406 0.018656 0.021563
0 0.434078 0.252073 0.016156 0.023229
0 0.375625 0.468073 0.019906 0.027354
0 0.520211 0.292708 0.018047 0.026542
0 0.460820 0.506625 0.019891 0.024875
0 0.717039 0.692365 0.018672 0.028188
0 0.514617 0.533990 0.021766 0.029854
0 0.601055 0.573385 0.014297 0.027354
0 0.647383 0.664594 0.021141 0.027354
0 0.576180 0.628521 0.021766 0.026542
0 0.504969 0.594104 0.018656 0.024042
0 0.437500 0.561771 0.019281 0.024042
0 0.369094 0.529427 0.020531 0.029021
0 0.511352 0.913229 0.018141 0.028500
0 0.422625 0.872656 0.020719 0.023313
0 0.370484 0.846740 0.017500 0.023312
0 0.285313 0.804427 0.016844 0.021604
0 0.234453 0.464344 0.019906 0.028188
0 0.300375 0.497927 0.019906 0.029021
0 0.342969 0.581667 0.018031 0.025708
0 0.430344 0.624375 0.018656 0.024875
0 0.481344 0.652156 0.017406 0.025687
0 0.568406 0.691958 0.017406 0.024042
