0 0.762648 0.756938 0.023328 0.031958
0 0.827094 0.754771 0.026562 0.031083
0 0.939461 0.758656 0.024609 0.035396
0 0.784344 0.331198 0.021375 0.023312
0 0.716016 0.313062 0.019438 0.033667
0 0.561875 0.266437 0.025906 0.031958
0 0.476375 0.241385 0.028500 0.030229
0 0.277031 0.064781 0.024125 0.036062
0 0.218281 0.740531 0.031750 0.038854
0 0.256820 0.308750 0.027203 0.040583
0 0.548273 0.341562 0.027203 0.037125
0 0.653195 0.364448 0.022016 0.029354
0 0.437836 0.746573 0.029141 0.035396
0 0.528836 0.749156 0.031078 0.030229
0 0.613680 0.749594 0.022016 0.036271
0 0.692047 0.756500 0.028500 0.039708
0 0.635062 0.645531 0.025906 0.031937
0 0.529484 0.631719 0.020719 0.031937
0 0.904844 0.367469 0.020000 0.035396
0 0.798266 0.269021 0.016844 0.028500
0 0.713125 0.241396 0.025312 0.028500
0 0.658047 0.227146 0.018781 0.034542
