0 0.359047 0.359927 0.019500 0.027187
0 0.360375 0.625885 0.016844 0.024812
0 0.364359 0.880615 0.017719 0.023646
0 0.501773 0.182031 0.019516 0.021271
0 0.568703 0.189125 0.022156 0.021292
0 0.755312 0.205083 0.019500 0.013000
0 0.812945 0.213365 0.017734 0.017729
0 0.923313 0.222219 0.015062 0.021271
0 0.497781 0.545510 0.016844 0.024813
0 0.563383 0.543740 0.020391 0.021271
0 0.684398 0.541958 0.015953 0.022458
0 0.742906 0.541958 0.017719 0.020083
0 0.850180 0.541365 0.017734 0.021271
0 0.681297 0.488771 0.016844 0.024833
0 0.753984 0.489365 0.016844 0.021271
0 0.761523 0.284865 0.015953 0.021271
0 0.690117 0.280135 0.013391 0.021271
