0 0.547602 0.608375 0.017484 0.028500
0 0.577719 0.509073 0.019437 0.018146
0 0.594883 0.462438 0.017484 0.016417
0 0.518133 0.433510 0.015547 0.022438
0 0.544695 0.360969 0.012953 0.017271
0 0.596508 0.329021 0.015547 0.019000
0 0.577719 0.384719 0.014250 0.019854
0 0.534648 0.509062 0.014891 0.021583
0 0.510359 0.584198 0.016844 0.028479
0 0.575531 0.965646 0.023094 0.038708
0 0.483156 0.907177 0.025906 0.030229
0 0.446891 0.755177 0.020719 0.030229
0 0.347797 0.830312 0.022031 0.028500
0 0.277852 0.786281 0.022016 0.026771
0 0.167750 0.723667 0.020719 0.025917
0 0.792430 0.803542 0.020078 0.030208
0 0.803758 0.700344 0.020734 0.029354
0 0.833875 0.459844 0.017500 0.030229
0 0.839703 0.395510 0.018781 0.024188
0 0.724414 0.675302 0.020078 0.022437
0 0.744820 0.569094 0.018141 0.020729
0 0.769102 0.429615 0.017484 0.023312
