0 0.081945 0.812635 0.031078 0.036271
0 0.141852 0.887323 0.036922 0.042313
0 0.283367 0.819542 0.027203 0.044917
0 0.409672 0.612292 0.025906 0.027625
0 0.458570 0.529813 0.020078 0.028500
0 0.457594 0.446479 0.019437 0.022458
0 0.507141 0.371354 0.016188 0.022458
0 0.538555 0.395531 0.019422 0.024187
0 0.573523 0.339833 0.018141 0.016417
0 0.444320 0.652010 0.014891 0.027646
0 0.660320 0.786292 0.024609 0.035417
0 0.710187 0.639062 0.020719 0.031083
0 0.733500 0.980167 0.033688 0.022458
0 0.769125 0.840698 0.031094 0.045771
0 0.847492 0.517292 0.024609 0.029375
0 0.868547 0.446917 0.021375 0.030208
