0 0.409672 0.615313 0.028500 0.035417
0 0.457594 0.527219 0.022031 0.026771
0 0.456953 0.446479 0.023313 0.022458
0 0.501961 0.459010 0.023953 0.023312
0 0.539852 0.482323 0.019422 0.019854
0 0.585836 0.400708 0.018141 0.019000
0 0.540172 0.394667 0.018781 0.022458
0 0.507141 0.373948 0.017500 0.025896
0 0.573531 0.340698 0.019437 0.019854
0 0.605586 0.292333 0.016203 0.028500
0 0.660961 0.785000 0.027203 0.038000
0 0.707594 0.635167 0.023313 0.033667
0 0.767508 0.474979 0.022672 0.038000
0 0.866922 0.446917 0.028500 0.038875
0 0.848789 0.519458 0.024609 0.040583
0 0.766531 0.837677 0.032375 0.046646
0 0.727352 0.983146 0.038203 0.025125
0 0.078383 0.812198 0.034328 0.030229
0 0.142828 0.887333 0.033688 0.044042
0 0.283695 0.818677 0.027859 0.041438
0 0.350078 0.705979 0.028500 0.033667
0 0.357531 0.593719 0.026562 0.035396
0 0.425859 0.496146 0.029781 0.028500
