0 0.688430 0.283583 0.013672 0.019917
0 0.358523 0.359031 0.020516 0.028188
0 0.359766 0.626865 0.019281 0.026521
0 0.364742 0.879354 0.020516 0.027375
0 0.497516 0.546021 0.017406 0.025708
0 0.562805 0.546021 0.016172 0.024042
0 0.684383 0.541875 0.015547 0.019083
0 0.742227 0.539802 0.015547 0.018229
0 0.553797 0.599500 0.019281 0.023208
0 0.631531 0.594938 0.016781 0.024042
0 0.851680 0.540219 0.016797 0.020729
0 0.679727 0.487563 0.014922 0.019917
0 0.753422 0.490052 0.014312 0.019896
0 0.762750 0.286896 0.016781 0.026542
0 0.924242 0.224552 0.016203 0.020729
0 0.754547 0.205979 0.016187 0.018125
0 0.812516 0.209875 0.018125 0.019000
0 0.568664 0.188271 0.020078 0.015542
0 0.500664 0.180938 0.016203 0.018125
