0 0.343977 0.761229 0.023047 0.030750
0 0.349289 0.872344 0.021266 0.033104
0 0.389180 0.445625 0.017734 0.021292
0 0.398047 0.556146 0.019500 0.017750
0 0.402484 0.627062 0.021281 0.029542
0 0.412680 0.759458 0.027484 0.022458
0 0.554961 0.409583 0.017734 0.022458
0 0.568266 0.520677 0.021281 0.027187
0 0.572250 0.254135 0.022156 0.023646
0 0.329344 0.474000 0.018625 0.028375
0 0.585992 0.330375 0.023047 0.020083
0 0.597516 0.413115 0.021281 0.024812
0 0.316930 0.236990 0.015078 0.017729
0 0.324469 0.390063 0.017719 0.018917
0 0.613477 0.500583 0.021266 0.022458
0 0.578898 0.591010 0.021266 0.030729
0 0.597961 0.718677 0.022172 0.026021
0 0.626773 0.592781 0.019516 0.027188
0 0.645836 0.695625 0.025703 0.024833
0 0.663117 0.803187 0.023047 0.031917
0 0.680406 0.918438 0.025719 0.033083
0 0.641844 0.391250 0.017719 0.026000
0 0.662234 0.501177 0.021281 0.023646
0 0.805852 0.356385 0.023047 0.027188
0 0.831555 0.464531 0.023047 0.023646
0 0.674203 0.572104 0.022156 0.033083
0 0.697250 0.699771 0.025719 0.035458
0 0.335109 0.562646 0.019500 0.030750
0 0.339539 0.657208 0.015953 0.028375
