0 0.838734 0.395510 0.019437 0.022437
0 0.833227 0.459417 0.020078 0.024167
0 0.804406 0.697760 0.020719 0.029354
0 0.791453 0.804844 0.036281 0.036271
0 0.724742 0.677896 0.024609 0.027625
0 0.481219 0.662344 0.023313 0.020729
0 0.465352 0.572104 0.018797 0.021583
0 0.168391 0.718917 0.023313 0.025042
0 0.278180 0.786708 0.022672 0.027625
0 0.347148 0.826865 0.020734 0.026771
0 0.483164 0.910625 0.027203 0.033667
0 0.573508 0.962438 0.029141 0.033667
0 0.448836 0.758208 0.023328 0.031083
0 0.498383 0.482729 0.017484 0.019000
0 0.519430 0.436531 0.018141 0.023312
0 0.545656 0.361396 0.016187 0.021583
0 0.614641 0.279365 0.014250 0.018146
0 0.597156 0.328146 0.016844 0.015542
0 0.578047 0.382562 0.016188 0.019000
0 0.558938 0.439979 0.018125 0.016417
0 0.535297 0.505615 0.018781 0.021604
0 0.509070 0.582042 0.016828 0.027625
0 0.594562 0.460271 0.019437 0.022458
0 0.619172 0.383427 0.015531 0.020729
0 0.767164 0.425740 0.018797 0.020729
0 0.577727 0.510365 0.015547 0.024188
0 0.546961 0.609677 0.017484 0.024188
0 0.745141 0.567792 0.021375 0.021583
