0 0.760070 0.624406 0.017766 0.024479
0 0.202602 0.983010 0.035547 0.029229
0 0.015695 0.913896 0.024297 0.033167
0 0.448461 0.904031 0.023703 0.041854
0 0.497930 0.659563 0.019547 0.033167
0 0.516586 0.569906 0.022516 0.026062
0 0.547695 0.423781 0.020734 0.026062
0 0.558352 0.364146 0.015984 0.020542
0 0.506219 0.398104 0.017188 0.014208
0 0.485484 0.485781 0.019563 0.022104
0 0.576719 0.511062 0.019563 0.018958
0 0.567242 0.564375 0.021922 0.024500
0 0.549172 0.691156 0.016594 0.025271
0 0.758000 0.469990 0.016000 0.026854
0 0.763328 0.753156 0.016000 0.027646
