0 0.829977 0.462875 0.020141 0.018958
0 0.801242 0.354271 0.017172 0.021333
0 0.642180 0.392969 0.017766 0.024479
0 0.660250 0.498427 0.023094 0.030021
0 0.698461 0.700240 0.024891 0.029229
0 0.675352 0.568719 0.023703 0.017396
0 0.682758 0.921802 0.025484 0.028438
0 0.662617 0.803323 0.023109 0.026854
0 0.644852 0.691948 0.019547 0.030021
0 0.627070 0.594385 0.024297 0.026062
0 0.612555 0.501188 0.018953 0.022917
0 0.600117 0.415083 0.018953 0.024500
0 0.584125 0.328198 0.017781 0.030813
0 0.574937 0.257906 0.018375 0.027646
0 0.599227 0.717615 0.018359 0.021313
0 0.579680 0.590052 0.015984 0.023688
0 0.569609 0.524094 0.024281 0.021313
0 0.551539 0.409167 0.016578 0.020542
0 0.389219 0.444698 0.017781 0.026854
0 0.398102 0.560823 0.017766 0.023688
0 0.403438 0.630333 0.015406 0.023708
0 0.411133 0.761448 0.017766 0.026854
0 0.346266 0.869281 0.018375 0.027646
0 0.340641 0.758698 0.016594 0.027646
0 0.336789 0.657979 0.017172 0.025292
0 0.334422 0.560427 0.016000 0.024479
0 0.329680 0.476302 0.013641 0.022104
0 0.324937 0.392188 0.014812 0.019750
0 0.315469 0.237354 0.013625 0.018167
