0 0.439055 0.773635 0.023641 0.031521
0 0.512750 0.791458 0.020531 0.025708
0 0.605102 0.719312 0.019891 0.025708
0 0.513680 0.698583 0.017422 0.025708
0 0.636813 0.486323 0.024875 0.029021
0 0.546328 0.464760 0.016781 0.022396
0 0.794773 0.401740 0.021141 0.030687
0 0.707086 0.381010 0.017422 0.024062
0 0.925055 0.498344 0.021766 0.031521
0 0.590797 0.135990 0.017406 0.023229
0 0.734141 0.846177 0.020531 0.029021
0 0.809391 0.863188 0.025500 0.033167
0 0.962688 0.903396 0.021156 0.025708
0 0.780477 0.464760 0.022391 0.030687
0 0.660133 0.826698 0.026734 0.028187
0 0.585203 0.811354 0.019906 0.024042
0 0.287938 0.731750 0.018656 0.024042
0 0.651742 0.369812 0.017422 0.026542
0 0.493469 0.393031 0.023000 0.029854
0 0.563430 0.411281 0.021141 0.029854
0 0.704914 0.444448 0.016797 0.028188
