0 0.166141 0.718073 0.020719 0.030229
0 0.278516 0.785865 0.023969 0.032813
0 0.347164 0.828615 0.020078 0.030229
0 0.483828 0.908490 0.026562 0.029354
0 0.576117 0.959000 0.023328 0.028500
0 0.450469 0.757365 0.020719 0.027646
0 0.481883 0.664531 0.018797 0.028479
0 0.509734 0.583792 0.018781 0.025917
0 0.534664 0.508219 0.019422 0.023312
0 0.557336 0.442167 0.020734 0.024167
0 0.580008 0.385167 0.020734 0.022458
0 0.596844 0.329042 0.016844 0.022458
0 0.614656 0.279385 0.014906 0.018146
0 0.544711 0.359698 0.014891 0.018146
0 0.518156 0.436979 0.021375 0.019000
0 0.499695 0.479729 0.016828 0.019875
0 0.465687 0.574719 0.021375 0.023312
0 0.549234 0.609698 0.018781 0.024187
0 0.577086 0.511250 0.017484 0.020708
0 0.595547 0.464177 0.019437 0.023312
0 0.619188 0.386469 0.017500 0.019854
0 0.769125 0.427490 0.020719 0.024188
0 0.744836 0.566083 0.018797 0.018125
0 0.726375 0.680073 0.020719 0.023312
0 0.791789 0.807021 0.024609 0.031958
0 0.803773 0.702521 0.021359 0.031958
0 0.832914 0.459875 0.020078 0.025042
0 0.840039 0.396833 0.014891 0.021583
