0 0.514250 0.699917 0.018125 0.021583
0 0.608492 0.721937 0.017484 0.031083
0 0.961789 0.902844 0.025922 0.030229
0 0.332578 0.442146 0.014906 0.024167
0 0.377266 0.178760 0.014906 0.017271
0 0.288539 0.733594 0.017484 0.030229
0 0.435883 0.769865 0.023328 0.028479
0 0.793719 0.402854 0.017500 0.025042
0 0.705313 0.381271 0.020719 0.028500
0 0.926492 0.496115 0.020078 0.031938
0 0.514250 0.792323 0.031094 0.030229
0 0.585492 0.810885 0.019422 0.024187
0 0.660305 0.829021 0.017484 0.025917
0 0.733812 0.845865 0.019437 0.026771
0 0.808609 0.864865 0.021375 0.026771
0 0.492227 0.393354 0.018141 0.028500
0 0.564445 0.408042 0.016203 0.025042
0 0.706289 0.444740 0.017484 0.024188
0 0.779797 0.462000 0.019437 0.031083
0 0.546312 0.465458 0.018781 0.027625
0 0.636984 0.489208 0.017500 0.025042
