0 0.538875 0.433094 0.026562 0.037146
0 0.621453 0.351490 0.023313 0.031104
0 0.616937 0.055042 0.025594 0.032167
0 0.521180 0.025802 0.019734 0.034104
0 0.525922 0.510385 0.025250 0.027646
0 0.614328 0.426625 0.023313 0.034542
0 0.679414 0.425323 0.020078 0.030229
0 0.743867 0.421448 0.024609 0.032813
0 0.796977 0.419281 0.019422 0.030229
0 0.844578 0.417563 0.021375 0.025042
0 0.676508 0.353219 0.027203 0.031104
0 0.624367 0.498292 0.022672 0.027625
0 0.675219 0.496573 0.025906 0.027646
0 0.753898 0.486208 0.017484 0.024167
0 0.194641 0.116177 0.034969 0.049229
0 0.208570 0.299250 0.036922 0.040583
0 0.224758 0.590698 0.031734 0.039729
0 0.753586 0.352354 0.015547 0.024167
0 0.344570 0.442594 0.031734 0.042313
0 0.446586 0.434823 0.024609 0.033688
0 0.524305 0.350635 0.022016 0.032813
