0 0.540883 0.483417 0.020141 0.020542
0 0.079086 0.815958 0.032578 0.039500
0 0.140102 0.888229 0.036141 0.041875
0 0.282578 0.820302 0.029625 0.033979
0 0.407289 0.610583 0.019547 0.026875
0 0.459711 0.528438 0.017766 0.022125
0 0.505922 0.535937 0.014219 0.015000
0 0.441945 0.650479 0.010672 0.018167
0 0.729555 0.983802 0.033766 0.026062
0 0.769844 0.836885 0.025469 0.040271
0 0.847445 0.518958 0.020734 0.025292
0 0.867891 0.446281 0.026062 0.030021
0 0.768656 0.473927 0.026656 0.031604
0 0.711789 0.644156 0.023109 0.027646
0 0.657875 0.784760 0.029031 0.030812
0 0.456164 0.446292 0.022516 0.015792
0 0.506219 0.369271 0.018375 0.018167
0 0.573750 0.340833 0.014813 0.018167
0 0.541172 0.396125 0.019563 0.021333
