0 0.231977 0.464781 0.021766 0.027354
0 0.300703 0.497125 0.018656 0.025708
0 0.433477 0.251260 0.020516 0.028188
0 0.437828 0.562625 0.018031 0.027375
0 0.505922 0.597031 0.021156 0.029854
0 0.370977 0.846625 0.016172 0.024875
0 0.601695 0.572990 0.017422 0.028188
0 0.576195 0.627302 0.017422 0.024063
0 0.514000 0.531531 0.018656 0.029854
0 0.645844 0.663365 0.018656 0.029854
0 0.714570 0.693635 0.023016 0.029021
0 0.342055 0.582521 0.020516 0.027375
0 0.368172 0.531115 0.020531 0.027354
0 0.430047 0.625229 0.018656 0.026542
0 0.659844 0.354083 0.018031 0.021542
0 0.481359 0.651760 0.016781 0.028188
0 0.569359 0.692802 0.018656 0.027354
0 0.284836 0.805573 0.015547 0.019062
0 0.573094 0.313031 0.018656 0.020729
0 0.422281 0.873146 0.018031 0.024875
0 0.511516 0.916687 0.019906 0.024042
0 0.461453 0.508729 0.019281 0.027375
0 0.372836 0.465187 0.019891 0.026542
0 0.520539 0.292313 0.016797 0.027375
